842217
842216
842185
842158
842156
842127
842112
842050
842011
841993
841967
841943
841924
841914
841905
841869
841865
841833
841799
841785
841755
841732
841711
841706
841687
841676
841662
841653
841642
841637
841634
841634
841619
841602
841558
841532
841531
841521
841507
841497
841492
841478
841429
841425
841398
841386
841378
841358
841329
841306
841303
841201
841194
841183
841141
841128
841121
841109
841102
841090
841089
841077
841042
841038
841036
841025
840970
840932
840925
840924
840911
840883
840880
840875
840837
840799
840785
840785
840782
840765
840754
840725
840719
840719
840672
840661
840617
840614
840607
840604
840598
840587
840580
840572
840565
840554
840542
840520
840515
840515
840512
840498
840467
840465
840463
840445
840436
840408
840376
840341
840325
840325
840253
840240
840215
840214
840206
840204
840177
840164
840136
840075
840066
840050
840040
840027
840020
840004
839997
839990
839969
839968
839967
839923
839916
839821
839807
839799
839793
839758
839758
839711
839676
839654
839633
839633
839622
839581
839533
839508
839503
839494
839449
839429
839407
839394
839369
839351
839341
839340
839339
839338
839336
839316
839297
839290
839283
839283
839270
839239
839225
839217
839214
839204
839199
839191
839178
839170
839153
839146
839124
839124
839123
839094
839076
839074
839065
839058
838973
838927
838888
838885
838831
838812
838780
838750
838727
838719
838707
838689
838668
838660
838605
838574
838564
838519
838502
838449
838387
838384
838376
838340
838304
838292
838284
838264
838232
838196
838194
838183
838182
838154
838095
838084
838054
838043
838006
837991
837970
837934
837933
837933
837917
837901
837896
837876
837841
837814
837811
837800
837782
837767
837730
837709
837706
837642
837628
837617
837536
837513
837504
837486
837444
837397
837387
837382
837370
837332
837326
837321
837316
837305
837282
837249
837245
837218
837211
837187
837180
837176
837172
837164
837152
837137
837114
837085
837079
837073
837041
837039
837031
837000
836970
836952
836922
836919
836914
836908
836908
836894
836870
836781
836721
836708
836698
836697
836661
836639
836601
836587
836569
836568
836540
836474
836447
836444
836430
836397
836396
836383
836374
836327
836315
836294
836269
836256
836228
836217
836197
836137
836134
836032
835996
835983
835937
835936
835913
835912
835857
835843
835819
835815
835812
835812
835724
835702
835684
835682
835682
835678
835673
835670
835646
835638
835637
835625
835621
835620
835580
835567
835554
835552
835529
835520
835501
835498
835491
835487
835465
835456
835418
835406
835386
835379
835366
835366
835366
835355
835346
835327
835290
835288
835264
835256
835234
835191
835175
835174
835172
835154
835144
835134
835099
835066
835060
835047
835038
835035
834965
834932
834928
834923
834921
834920
834903
834900
834898
834898
834895
834890
834865
834861
834852
834850
834849
834847
834844
834816
834811
834801
834777
834776
834740
834728
834726
834680
834674
834643
834622
834621
834588
834587
834575
834563
834549
834518
834518
834506
834489
834467
834445
834434
834424
834408
834354
834326
834291
834263
834250
834236
834169
834111
834100
834078
834067
834057
834014
833987
833969
833933
833908
833899
833876
833874
833848
833844
833843
833816
833806
833792
833771
833764
833743
833737
833724
833719
833711
833702
833679
833666
833629
833568
833562
833549
833510
833503
833488
833447
833438
833436
833428
833424
833381
833336
833330
833326
833317
833247
833223
833197
833176
833137
833114
833102
833094
833073
833028
832991
832988
832972
832965
832962
832952
832931
832905
832866
832859
832856
832835
832827
832800
832778
832726
832718
832693
832678
832657
832645
832630
832601
832598
832597
832587
832490
832485
832461
832431
832416
832387
832341
832280
832243
832230
832227
832209
832199
832194
832194
832155
832149
832129
832111
832054
832052
832027
831983
831964
831958
831936
831917
831917
831892
831869
831852
831848
831838
831798
831752
831730
831716
831651
831631
831630
831566
831542
831531
831515
831495
831491
831467
831433
831422
831368
831358
831332
831330
831315
831298
831292
831291
831282
831199
831173
831152
831142
831132
831112
831094
831075
831056
831052
831022
831007
830987
830969
830957
830927
830899
830884
830794
830782
830782
830780
830764
830753
830747
830736
830727
830709
830706
830658
830632
830628
830582
830568
830563
830562
830550
830545
830531
830510
830498
830480
830472
830462
830448
830446
830444
830393
830384
830361
830335
830296
830249
830246
830238
830208
830205
830201
830186
830180
830179
830171
830163
830120
830112
830071
830050
830045
830002
829909
829869
829848
829831
829785
829785
829728
829725
829718
829683
829677
829589
829574
829552
829540
829502
829500
829491
829482
829453
829441
829438
829411
829405
829390
829389
829373
829365
829347
829337
829336
829335
829317
829285
829257
829239
829217
829200
829199
829130
829109
829095
829088
829067
829044
829028
829017
829009
828922
828910
828842
828834
828800
828799
828759
828734
828725
828718
828675
828674
828658
828631
828629
828616
828555
828537
828529
828526
828471
828453
828419
828410
828395
828381
828377
828345
828334
828297
828290
828201
828192
828152
828143
828128
828087
828067
828032
828028
827988
827984
827930
827926
827876
827861
827826
827826
827748
827726
827690
827666
827639
827614
827610
827573
827562
827546
827546
827499
827470
827468
827403
827387
827376
827357
827308
827263
827261
827246
827244
827230
827228
827228
827219
827177
827156
827110
827105
827097
827082
827002
826984
826982
826969
826952
826945
826894
826855
826795
826790
826771
826768
826755
826746
826710
826657
826652
826622
826619
826572
826561
826533
826505
826504
826501
826484
826460
826447
826440
826428
826423
826409
826383
826353
826324
826321
826214
826200
826182
826167
826166
826160
826156
826126
826124
826115
826115
826088
826078
826046
826029
826020
826019
826015
826011
826005
825995
825994
825944
825942
825924
825909
825902
825888
825885
825867
825859
825797
825784
825779
825773
825770
825757
825730
825714
825713
825712
825708
825690
825667
825632
825631
825604
825599
825543
825496
825455
825435
825426
825416
825416
825403
825366
825353
825328
825320
825312
825300
825261
825253
825243
825233
825205
825204
825199
825182
825177
825176
825154
825154
825153
825152
825151
825111
825070
825052
825034
824916
824895
824893
824853
824849
824847
824826
824796
824777
824775
824728
824706
824704
824680
824676
824661
824656
824647
824642
824636
824622
824606
824584
824564
824529
824520
824499
824464
824448
824435
824434
824419
824363
824354
824291
824284
824272
824236
824234
824189
824170
824154
824151
824120
824095
824094
824087
824082
824077
824043
824036
824008
824006
823929
823880
823857
823838
823829
823809
823802
823760
823744
823707
823693
823674
823674
823640
823633
823629
823624
823575
823538
823509
823507
823499
823434
823390
823363
823342
823260
823220
823218
823180
823179
823166
823136
823126
823106
823099
823093
823048
823043
823022
823015
823000
822997
822970
822936
822905
822888
822873
822834
822808
822798
822766
822760
822754
822719
822711
822692
822691
822690
822683
822624
822624
822599
822583
822575
822566
822549
822516
822506
822500
822500
822494
822493
822492
822480
822481
822476
822473
822466
822451
822448
822413
822411
822347
822343
822338
822324
822307
822289
822236
822216
822198
822171
822155
822144
822142
822129
822122
822117
822112
822103
822077
822061
822054
822045
822019
821990
821923
821908
821866
821854
821850
821842
821837
821800
821775
821754
821752
821750
821688
821658
821645
821628
821625
821600
821591
821588
821578
821572
821563
821560
821560
821540
821537
821522
821513
821508
821479
821448
821438
821391
821387
821371
821345
821340
821325
821320
821318
821302
821281
821279
821271
821265
821264
821262
821235
821234
821218
821196
821186
821181
821168
821156
821145
821133
821129
821121
821088
821085
821071
821027
821022
821013
821011
821006
820996
820991
820982
820970
820936
820903
820900
820874
820844
820825
820820
820820
820815
820810
820810
820789
820775
820752
820750
820750
820749
820738
820730
820662
820658
820629
820626
820602
820594
820591
820580
820540
820535
820508
820475
820456
820436
820430
820423
820399
820385
820365
820343
820336
820318
820303
820293
820259
820221
820189
820163
820147
820089
820076
820062
820035
820031
820002
819986
819956
819917
819912
819896
819831
819818
819766
819750
819720
819713
819688
819674
819631
819608
819587
819555
819459
819446
819430
819398
819372
819370
819360
819338
819324
819319
819316
819297
819289
819280
819265
819263
819260
819258
819250
819245
819242
819229
819225
819218
819211
819181
819181
819163
819150
819131
819114
819106
819092
819083
819067
818992
818968
818947
818931
818926
818909
818903
818859
818849
818840
818829
818823
818808
818808
818790
818764
818744
818725
818704
818696
818693
818682
818676
818674
818661
818650
818646
818643
818632
818604
818590
818550
818548
818506
818495
818493
818490
818481
818464
818461
818451
818451
818447
818444
818432
818427
818407
818396
818392
818386
818375
818373
818351
818316
818308
818300
818292
818281
818279
818268
818262
818254
818252
818248
818228
818216
818207
818201
818188
818173
818164
818155
818118
818098
818093
818087
818075
818073
818034
818030
818021
818014
818013
818005
817998
817990
817989
817974
817968
817954
817953
817915
817876
817871
817857
817852
817846
817838
817835
817830
817784
817748
817746
817727
817718
817715
817699
817675
817649
817640
817637
817630
817610
817591
817578
817572
817557
817552
817517
817513
817508
817507
817488
817477
817469
817449
817417
817374
817356
817354
817352
817346
817337
817326
817303
817268
817266
817252
817252
817242
817212
817210
817190
817189
817178
817178
817169
817076
817073
817059
817048
817041
817038
817037
817025
817021
817020
817016
817014
816989
816978
816956
816952
816934
816928
816924
816896
816890
816888
816880
816870
816856
816840
816838
816816
816815
816797
816797
816776
816776
816767
816755
816742
816739
816727
816711
816654
816633
816604
816597
816597
816594
816591
816555
816537
816519
816518
816484
816484
816458
816453
816451
816416
816416
816405
816389
816386
816385
816381
816379
816330
816262
816262
816260
816196
816160
816146
816128
816108
816106
816094
816092
816072
816072
816060
816058
816040
816027
816014
815961
815922
815917
815914
815876
815873
815865
815842
815836
815832
815809
815794
815790
815783
815779
815776
815765
815730
815703
815676
815656
815632
815604
815591
815572
815562
815561
815546
815535
815507
815484
815466
815370
815366
815365
815345
815337
815320
815306
815289
815284
815282
815282
815270
815269
815268
815256
815238
815236
815227
815217
815216
815213
815205
815199
815186
815182
815172
815134
815111
815089
815088
815083
815076
815053
815040
815029
815019
815018
815015
815014
815006
814998
814992
814991
814986
814983
814981
814979
814974
814966
814954
814947
814933
814930
814923
814917
814880
814834
814812
814793
814784
814745
814724
814705
814688
814688
814652
814628
814604
814600
814591
814586
814577
814567
814527
814524
814515
814505
814452
814433
814389
814389
814349
814312
814295
814274
814266
814218
814211
814205
814188
814177
814134
814133
814126
814123
814121
814078
814070
814068
814046
814024
813999
813984
813979
813969
813953
813952
813923
813895
813892
813879
813864
813862
813835
813834
813790
813761
813759
813741
813693
813685
813676
813634
813622
813608
813576
813549
813524
813479
813462
813461
813444
813439
813434
813417
813409
813408
813403
813382
813371
813321
813273
813248
813236
813218
813214
813201
813178
813158
813118
813091
813076
813074
813053
813047
813011
813005
812962
812948
812847
812818
812791
812775
812736
812718
812706
812693
812679
812672
812668
812660
812624
812595
812582
812537
812536
812535
812531
812511
812454
812403
812386
812379
812352
812347
812338
812336
812317
812292
812283
812280
812260
812254
812227
812215
812107
812076
812047
812027
812003
811963
811944
811926
811897
811893
811886
811873
811812
811767
811767
811721
811717
811699
811676
811662
811652
811648
811630
811620
811589
811570
811565
811510
811510
811506
811475
811443
811440
811428
811415
811413
811410
811357
811353
811300
811258
811199
811184
811177
811132
811130
811130
811111
811073
811072
811049
811021
811008
811006
810977
810943
810881
810811
810700
810658
810652
810646
810628
810603
810529
810516
810500
810476
810429
810420
810415
810414
810399
810347
810327
810263
810199
810192
810179
810177
810159
810148
810114
810103
810100
810093
810022
810001
809992
809984
809984
809977
809961
809953
809942
809910
809849
809849
809822
809820
809815
809814
809800
809784
809771
809721
809713
809696
809692
809684
809626
809607
809588
809582
809579
809571
809568
809496
809492
809462
809393
809366
809357
809342
809309
809304
809280
809259
809239
809232
809207
809187
809164
809152
809132
809107
809101
809088
809063
809051
809044
809016
808958
808930
808899
808886
808870
808856
808852
808849
808816
808765
808733
808716
808693
808690
808678
808652
808601
808588
808538
808503
808491
808465
808462
808418
808411
808380
808343
808323
808287
808256
808221
808218
808143
808135
808122
808117
808110
808108
808086
807999
807955
807940
807927
807919
807892
807862
807861
807852
807831
807801
807794
807746
807737
807658
807643
807605
807571
807565
807550
807532
807521
807515
807497
807402
807396
807394
807391
807382
807326
807319
807298
807284
807266
807246
807245
807232
807224
807157
807135
807131
807066
807066
807000
806982
806955
806928
806918
806912
806902
806899
806804
806763
806760
806757
806754
806728
806699
806696
806679
806663
806620
806618
806616
806594
806579
806552
806538
806489
806446
806405
806397
806384
806380
806344
806332
806302
806249
806232
806213
806124
806117
806094
806090
806064
805998
805970
805960
805944
805928
805926
805899
805858
805849
805817
805761
805726
805704
805698
805638
805626
805565
805536
805499
805487
805472
805433
805409
805398
805393
805393
805389
805337
805322
805317
805290
805274
805233
805189
805128
805073
805072
805035
805034
804998
804974
804930
804884
804884
804835
804832
804817
804796
804761
804743
804733
804724
804713
804692
804649
804620
804590
804573
804519
804510
804490
804473
804412
804408
804303
804244
804236
804232
804216
804215
804189
804152
804145
804121
804106
804075
804071
804066
804054
804023
804002
803984
803975
803948
803932
803918
803890
803861
803846
803841
803794
803788
803784
803765
803764
803758
803753
803737
803703
803668
803658
803637
803592
803576
803562
803538
803525
803500
803454
803432
803419
803396
803321
803298
803275
803263
803231
803225
803219
803186
803185
803185
803166
803151
803136
803115
803108
803099
803072
803071
803038
803008
802998
802943
802882
802867
802821
802815
802797
802785
802760
802749
802725
802657
802638
802632
802580
802559
802502
802482
802467
802454
802445
802389
802364
802297
802293
802272
802269
802246
802230
802209
802206
802188
802167
802139
802120
802095
802089
802064
802056
802040
802023
801982
801934
801934
801933
801916
801904
801896
801859
801832
801824
801802
801775
801751
801746
801739
801739
801731
801719
801714
801693
801684
801683
801663
801663
801512
801507
801489
801488
801477
801447
801437
801386
801337
801330
801290
801282
801234
801221
801191
801155
801145
801124
801083
801075
801058
801020
800986
800957
800945
800922
800912
800898
800871
800862
800805
800787
800729
800726
800722
800691
800667
800648
800645
800629
800615
800598
800592
800565
800559
800558
800534
800534
800515
800498
800493
800481
800458
800446
800410
800371
800370
800346
800289
800239
800234
800233
800207
800206
800175
800160
800154
800106
800027
799975
799941
799912
799908
799897
799893
799886
799856
799845
799780
799772
799771
799762
799722
799715
799693
799647
799636
799631
799610
799575
799573
799540
799531
799441
799433
799433
799429
799377
799333
799300
799274
799260
799241
799221
799214
799183
799163
799101
799093
799090
799047
799017
799006
798976
798939
798928
798906
798906
798851
798797
798793
798785
798784
798774
798753
798752
798730
798688
798662
798657
798656
798655
798643
798638
798635
798620
798612
798606
798599
798579
798563
798545
798539
798509
798477
798447
798441
798413
798399
798377
798352
798297
798277
798275
798270
798244
798237
798208
798208
798203
798196
798196
798187
798183
798183
798155
798154
798143
798140
798135
798130
798098
798085
798078
798077
798040
798032
798002
797982
797971
797965
797943
797912
797897
797815
797803
797785
797783
797776
797769
797747
797726
797664
797643
797618
797585
797556
797552
797521
797516
797496
797488
797462
797440
797437
797436
797433
797431
797390
797368
797324
797282
797273
797236
797194
797188
797167
797139
797108
797095
797073
797067
797063
797060
797034
797005
796972
796968
796942
796924
796891
796881
796869
796866
796845
796840
796834
796832
796749
796707
796684
796642
796630
796622
796621
796547
796465
796458
796426
796405
796398
796376
796374
796361
796328
796321
796274
796243
796210
796206
796201
796190
796182
796178
796174
796172
796134
796102
796102
796099
796079
796077
796072
796038
796021
796010
795993
795989
795976
795956
795940
795895
795893
795877
795873
795826
795824
795787
795781
795769
795765
795764
795740
795730
795706
795651
795618
795601
795586
795584
795555
795541
795533
795515
795499
795488
795486
795482
795480
795465
795463
795443
795434
795380
795375
795340
795334
795316
795312
795281
795274
795261
795249
795247
795234
795234
795211
795189
795168
795165
795120
795120
795100
795084
795078
795062
795047
795040
795037
795006
795005
795001
794986
794985
794969
794948
794908
794887
794881
794878
794872
794870
794862
794829
794824
794816
794807
794792
794791
794788
794775
794745
794740
794706
794683
794650
794613
794586
794555
794545
794522
794494
794478
794455
794433
794417
794395
794386
794342
794336
794310
794261
794254
794237
794226
794204
794196
794182
794157
794082
794065
794037
794034
794015
793994
793979
793929
793924
793922
793907
793873
793830
793816
793765
793762
793712
793701
793697
793672
793633
793603
793587
793552
793515
793476
793464
793449
793449
793429
793392
793336
793328
793274
793268
793245
793231
793191
793120
793113
793023
792949
792946
792868
792845
792831
792819
792809
792779
792766
792714
792659
792627
792612
792598
792582
792576
792563
792506
792392
792309
792279
792270
792246
792220
792215
792170
792159
792143
792087
792066
792030
791927
791922
791883
791829
791807
791796
791785
791743
791707
791707
791690
791665
791659
791580
791561
791547
791546
791521
791494
791481
791476
791447
791442
791400
791372
791358
791331
791317
791316
791263
791237
791212
791212
791211
791182
791177
791176
791165
791160
791139
791131
791114
791083
791075
791062
791055
791049
791046
791033
791022
790965
790962
790935
790900
790765
790759
790736
790735
790719
790699
790666
790636
790633
790601
790577
790546
790542
790530
790423
790385
790383
790360
790199
790190
790140
790124
790122
790121
790106
790071
790056
790054
790024
790017
789985
789981
789939
789883
789870
789812
789771
789727
789696
789673
789672
789654
789594
789560
789519
789437
789397
789392
789382
789365
789328
789322
789302
789278
789273
789227
789208
789187
789147
789108
789058
789051
789035
788997
788984
788977
788970
788886
788884
788876
788854
788823
788802
788798
788774
788698
788628
788615
788614
788605
788577
788516
788512
788504
788490
788433
788417
788410
788400
788400
788377
788323
788323
788253
788237
788233
788194
788192
788138
788094
788086
788066
788056
788046
788000
787984
787949
787948
787912
787871
787849
787822
787782
787722
787713
787711
787695
787651
787609
787597
787546
787534
787483
787450
787429
787418
787416
787409
787369
787354
787303
787303
787294
787291
787247
787236
787162
787161
787131
787120
787117
787108
787087
787065
786996
786960
786950
786944
786940
786937
786911
786896
786881
786869
786832
786817
786800
786773
786773
786769
786760
786751
786710
786667
786666
786615
786603
786550
786545
786522
786521
786487
786419
786397
786375
786373
786370
786341
786334
786329
786326
786298
786257
786252
786203
786200
786168
786152
786146
786121
786072
786041
786036
786018
786012
786005
785993
785977
785969
785930
785896
785874
785867
785861
785850
785848
785847
785844
785833
785831
785814
785814
785743
785704
785666
785662
785655
785637
785585
785568
785554
785530
785514
785487
785486
785465
785463
785407
785395
785385
785381
785364
785356
785354
785318
785310
785302
785265
785217
785209
785203
785200
785199
785191
785183
785161
785156
785153
785140
785125
785125
785095
785080
785078
785057
785050
785045
785027
785012
784992
784962
784959
784956
784934
784884
784884
784883
784874
784870
784869
784869
784855
784852
784849
784776
784750
784722
784713
784699
784683
784625
784612
784604
784600
784545
784507
784475
784465
784432
784429
784409
784382
784366
784360
784315
784299
784236
784192
784182
784170
784136
784104
784079
784036
784001
783934
783914
783910
783898
783868
783841
783824
783800
783784
783772
783764
783758
783749
783747
783733
783727
783708
783700
783664
783651
783639
783630
783621
783615
783604
783603
783596
783575
783550
783549
783541
783538
783510
783494
783493
783478
783475
783460
783456
783436
783426
783416
783399
783358
783345
783340
783340
783304
783303
783271
783261
783237
783230
783227
783224
783206
783191
783187
783182
783173
783161
783143
783124
783102
783092
783088
783087
783079
783047
783033
783022
783017
783017
783012
783005
783004
783002
782994
782991
782971
782966
782952
782921
782912
782907
782871
782869
782858
782854
782799
782793
782789
782779
782752
782743
782729
782696
782692
782687
782668
782668
782650
782627
782623
782620
782612
782591
782582
782466
782441
782423
782421
782416
782412
782398
782372
782350
782335
782330
782294
782216
782209
782184
782168
782140
782116
782101
782091
782044
782006
781999
781976
781953
781914
781899
781848
781841
781832
781816
781789
781772
781722
781710
781674
781610
781577
781560
781554
781533
781487
781474
781473
781461
781445
781415
781368
781350
781340
781336
781326
781311
781291
781274
781273
781251
781212
781186
781163
781104
781087
781086
781033
781004
780945
780930
780925
780920
780917
780912
780861
780812
780805
780786
780783
780777
780769
780755
780731
780719
780650
780643
780604
780551
780549
780544
780516
780514
780471
780452
780442
780431
780397
780372
780314
780244
780200
780197
780151
780143
780138
780118
780113
780111
780108
780097
780054
780011
780006
780000
779999
779940
779885
779878
779867
779854
779845
779773
779757
779746
779729
779661
779619
779590
779578
779552
779548
779533
779525
779506
779499
779450
779442
779401
779353
779351
779338
779336
779301
779288
779271
779252
779238
779177
779169
779124
779103
779038
779028
779015
778993
778993
778963
778959
778955
778922
778921
778909
778904
778841
778807
778784
778774
778743
778669
778650
778622
778603
778585
778535
778529
778433
778419
778414
778402
778396
778376
778352
778341
778302
778285
778283
778259
778190
778178
778163
778136
778127
778115
778088
778087
778076
778062
778052
778047
778042
778039
778029
778026
778011
778006
777997
777988
777966
777934
777929
777902
777873
777851
777849
777817
777812
777808
777803
777793
777750
777741
777722
777677
777643
777593
777556
777424
777414
777391
777367
777358
777335
777334
777301
777273
777264
777264
777262
777232
777226
777212
777202
777170
777159
777154
777097
777093
777081
777078
777077
777025
777018
777009
776991
776990
776988
776967
776959
776928
776910
776906
776894
776892
776886
776886
776862
776860
776840
776836
776820
776807
776803
776786
776741
776722
776711
776682
776678
776651
776650
776632
776623
776616
776592
776591
776566
776556
776498
776481
776472
776462
776458
776387
776377
776368
776358
776339
776327
776327
776297
776290
776278
776275
776256
776249
776232
776217
776203
776199
776156
776155
776150
776110
776049
776034
776026
775997
775989
775982
775981
775953
775951
775936
775915
775888
775886
775862
775860
775802
775802
775771
775754
775734
775719
775718
775712
775678
775667
775659
775656
775630
775630
775630
775606
775604
775589
775560
775558
775546
775531
775492
775475
775450
775446
775444
775432
775416
775415
775412
775401
775371
775362
775360
775319
775315
775311
775301
775300
775277
775265
775264
775235
775214
775160
775151
775141
775069
775043
775036
775028
774945
774942
774935
774889
774884
774867
774859
774812
774811
774799
774793
774762
774730
774710
774700
774680
774635
774626
774584
774562
774540
774494
774451
774449
774437
774395
774378
774353
774340
774323
774294
774243
774234
774198
774170
774164
774090
774088
774031
774020
773995
773932
773916
773906
773901
773879
773821
773800
773784
773772
773761
773748
773684
773662
773609
773605
773543
773510
773404
773389
773348
773331
773292
773279
773234
773215
773214
773183
773169
773160
773098
773074
773055
772996
772990
772973
772971
772942
772911
772907
772840
772813
772796
772788
772751
772739
772708
772689
772654
772589
772581
772570
772565
772516
772504
772502
772495
772443
772392
772386
772353
772352
772344
772336
772328
772296
772295
772278
772260
772259
772252
772215
772215
772205
772184
772168
772167
772166
772135
772094
772062
772051
772037
772018
772003
772000
771971
771963
771959
771929
771917
771911
771910
771909
771903
771869
771863
771853
771792
771779
771776
771769
771752
771740
771718
771713
771678
771676
771668
771660
771656
771636
771635
771634
771620
771602
771576
771567
771561
771535
771526
771457
771445
771442
771410
771409
771384
771381
771373
771362
771354
771323
771297
771296
771287
771280
771278
771240
771226
771225
771199
771172
771161
771153
771149
771146
771097
771083
771034
771026
771014
771007
770980
770951
770920
770835
770829
770801
770790
770754
770706
770670
770631
770613
770592
770582
770581
770517
770512
770510
770461
770406
770387
770381
770365
770344
770325
770263
770245
770245
770234
770185
770174
770172
770163
770158
770155
770145
770144
770126
770120
770112
770109
770095
770093
770072
770066
770062
770053
770041
770031
770030
770014
769982
769949
769943
769943
769922
769915
769891
769828
769804
769779
769769
769743
769733
769707
769702
769701
769690
769680
769673
769631
769626
769578
769525
769512
769499
769488
769477
769474
769435
769367
769336
769315
769306
769261
769240
769228
769222
769212
769194
769170
769157
769150
769129
769128
769102
769094
769078
769060
769033
769028
768981
768951
768937
768875
768870
768846
768808
768802
768801
768797
768789
768747
768739
768726
768720
768718
768697
768688
768664
768659
768634
768593
768590
768564
768539
768520
768514
768496
768496
768462
768430
768429
768429
768354
768353
768239
768239
768196
768190
768185
768179
768106
768068
768051
768036
768035
768021
767957
767932
767928
767919
767914
767892
767892
767842
767841
767840
767838
767834
767822
767796
767793
767790
767788
767770
767764
767764
767761
767759
767752
767744
767742
767725
767716
767714
767686
767686
767665
767654
767646
767638
767638
767627
767627
767621
767588
767583
767578
767564
767558
767556
767555
767547
767521
767513
767505
767495
767494
767492
767484
767461
767451
767450
767443
767443
767441
767437
767411
767398
767388
767370
767370
767366
767354
767348
767344
767335
767304
767294
767282
767252
767250
767246
767235
767146
767133
767131
767122
767103
767088
767088
767087
767079
767060
767040
767039
767029
767026
767002
767001
766997
766984
766966
766965
766949
766910
766905
766897
766883
766875
766855
766847
766842
766821
766807
766782
766767
766764
766748
766732
766725
766724
766679
766654
766579
766569
766503
766502
766476
766472
766439
766401
766394
766391
766372
766352
766324
766307
766301
766282
766279
766241
766109
766064
766051
766033
766032
766026
766006
766001
765936
765921
765918
765893
765822
765820
765818
765808
765802
765773
765766
765732
765722
765683
765682
765633
765555
765554
765549
765535
765525
765522
765501
765493
765479
765445
765411
765371
765349
765342
765338
765338
765323
765299
765285
765261
765243
765222
765219
765188
765161
765155
765131
765126
765092
765040
765035
765026
765022
764999
764967
764905
764892
764885
764885
764868
764852
764848
764827
764821
764818
764791
764787
764758
764750
764725
764723
764710
764703
764702
764698
764652
764650
764612
764607
764607
764591
764573
764540
764540
764531
764523
764518
764518
764494
764465
764464
764458
764439
764424
764406
764400
764386
764372
764370
764340
764338
764326
764316
764298
764277
764226
764219
764211
764197
764172
764158
764158
764136
764136
764134
764104
764100
764065
764039
764029
764005
764002
763991
763958
763946
763905
763897
763892
763886
763883
763852
763850
763843
763810
763776
763772
763765
763743
763740
763728
763706
763688
763681
763668
763654
763644
763566
763553
763524
763512
763504
763482
763481
763480
763469
763455
763421
763408
763401
763395
763386
763383
763364
763318
763295
763257
763256
763243
763240
763228
763226
763219
763169
763149
763142
763132
763119
763074
763062
763054
763052
763041
763028
763027
763019
763014
763005
762975
762965
762957
762932
762930
762918
762872
762857
762819
762802
762800
762785
762777
762761
762751
762725
762695
762632
762625
762579
762557
762474
762449
762413
762379
762372
762365
762358
762356
762350
762308
762271
762268
762264
762228
762184
762183
762152
762139
762073
762067
762048
762011
762008
761992
761986
761971
761965
761960
761946
761938
761932
761888
761876
761872
761863
761817
761778
761775
761760
761711
761697
761695
761681
761677
761674
761668
761658
761656
761652
761649
761636
761600
761584
761572
761547
761538
761508
761507
761502
761492
761477
761467
761459
761450
761444
761420
761412
761410
761347
761346
761299
761286
761227
761182
761180
761178
761162
761145
761102
761089
761070
761038
761017
761012
760972
760938
760932
760925
760910
760876
760873
760868
760865
760832
760819
760817
760809
760778
760735
760734
760732
760722
760705
760661
760653
760638
760603
760582
760563
760557
760555
760552
760510
760502
760491
760463
760458
760398
760382
760324
760315
760298
760260
760251
760217
760160
760153
760119
760116
760111
760101
760064
760054
760048
759994
759980
759941
759941
759896
759886
759855
759831
759788
759773
759746
759744
759734
759730
759710
759701
759690
759620
759611
759609
759593
759592
759590
759583
759577
759575
759565
759550
759532
759485
759455
759444
759438
759435
759435
759375
759363
759342
759339
759319
759282
759228
759220
759206
759202
759189
759188
759183
759167
759153
759125
759107
759102
759084
759074
759064
759062
759053
759051
759044
759042
759024
759023
759019
759018
759017
759010
758996
758975
758972
758964
758938
758932
758919
758913
758897
758876
758855
758845
758840
758769
758751
758740
758681
758670
758651
758645
758638
758631
758603
758595
758582
758574
758563
758524
758513
758509
758491
758461
758456
758412
758386
758377
758330
758312
758298
758297
758285
758274
758257
758253
758228
758158
758139
758133
758093
758018
757984
757977
757939
757933
757918
757916
757905
757885
757860
757845
757822
757808
757805
757803
757801
757795
757788
757751
757745
757690
757685
757685
757666
757618
757615
757525
757493
757443
757422
757382
757378
757371
757371
757368
757353
757328
757308
757296
757266
757257
757244
757238
757227
757154
757148
757105
757073
757057
757034
756996
756982
756981
756980
756939
756904
756860
756858
756850
756824
756798
756752
756743
756737
756732
756674
756669
756647
756641
756635
756633
756614
756595
756577
756546
756536
756496
756488
756473
756465
756448
756434
756415
756377
756359
756343
756335
756328
756312
756293
756290
756289
756252
756234
756191
756160
756159
756115
756100
756087
756027
755999
755960
755951
755933
755908
755891
755854
755852
755820
755816
755801
755790
755750
755748
755739
755719
755708
755694
755686
755667
755656
755639
755635
755623
755622
755560
755557
755539
755525
755470
755443
755426
755388
755374
755349
755348
755341
755314
755286
755284
755272
755270
755269
755244
755233
755207
755183
755176
755157
755134
755119
755055
755023
755010
755001
754978
754942
754928
754925
754869
754799
754762
754735
754703
754697
754686
754649
754640
754618
754615
754580
754549
754545
754529
754524
754510
754494
754481
754481
754462
754435
754402
754398
754374
754367
754349
754335
754328
754273
754272
754262
754248
754223
754221
754180
754151
754108
754097
754078
754064
754063
754055
754045
754024
754023
753991
753986
753975
753931
753911
753906
753903
753895
753868
753827
753803
753780
753776
753741
753675
753664
753658
753658
753648
753615
753596
753586
753563
753548
753539
753516
753512
753500
753453
753446
753429
753429
753426
753420
753409
753336
753324
753320
753310
753239
753195
753169
753156
753115
753102
753086
753051
753036
753014
752968
752956
752951
752896
752891
752861
752822
752784
752766
752764
752758
752744
752740
752727
752658
752639
752620
752607
752604
752584
752577
752554
752524
752520
752510
752472
752470
752453
752450
752398
752390
752362
752355
752354
752308
752254
752216
752204
752200
752181
752169
752157
752117
752111
752091
752087
752076
752051
752028
752006
752005
752003
751961
751958
751903
751902
751882
751868
751868
751860
751852
751823
751795
751793
751792
751783
751753
751736
751727
751717
751713
751645
751634
751626
751604
751598
751584
751572
751569
751563
751534
751522
751488
751469
751423
751414
751414
751395
751382
751373
751348
751332
751306
751302
751296
751291
751264
751262
751250
751237
751188
751125
751095
751094
751061
751047
751032
750982
750930
750902
750895
750878
750875
750868
750850
750820
750819
750814
750809
750794
750786
750777
750765
750758
750739
750733
750720
750669
750650
750621
750588
750577
750572
750568
750562
750538
750525
750508
750505
750470
750452
750425
750392
750373
750348
750313
750312
750290
750205
750203
750187
750170
750151
750116
750104
750097
750096
750085
750077
750060
750041
750010
749968
749962
749958
749945
749914
749907
749846
749818
749800
749799
749793
749782
749775
749771
749752
749718
749710
749703
749702
749683
749682
749676
749673
749650
749647
749644
749640
749629
749611
749600
749594
749576
749572
749565
749561
749537
749499
749459
749458
749440
749433
749432
749428
749424
749422
749401
749393
749387
749370
749359
749352
749339
749319
749311
749296
749269
749208
749207
749182
749164
749150
749138
749106
749089
749065
749058
749021
749018
748993
748989
748970
748966
748966
748927
748926
748922
748898
748874
748841
748834
748800
748740
748713
748679
748563
748523
748458
748436
748404
748404
748393
748357
748332
748327
748327
748316
748313
748296
748274
748268
748251
748226
748218
748196
748170
748164
748159
748158
748151
748149
748149
748146
748129
748121
748114
748098
748096
748087
748079
748065
748056
748043
748043
748043
748033
748029
748024
748007
747999
747967
747923
747897
747875
747867
747850
747835
747832
747808
747808
747795
747782
747782
747778
747750
747745
747725
747711
747700
747658
747639
747636
747610
747575
747563
747555
747505
747498
747452
747439
747410
747372
747340
747324
747261
747227
747224
747212
747180
747180
747151
747110
747074
747052
747046
747029
747024
747016
746994
746968
746968
746964
746952
746914
746889
746877
746802
746785
746746
746739
746731
746706
746680
746675
746673
746670
746639
746637
746624
746522
746508
746493
746463
746451
746442
746414
746413
746385
746372
746332
746323
746311
746279
746278
746261
746249
746237
746225
746223
746209
746176
746144
746132
746131
746124
746069
746017
746013
746005
745984
745974
745973
745964
745949
745941
745927
745920
745900
745846
745843
745793
745761
745750
745732
745722
745699
745657
745587
745578
745564
745521
745481
745444
745432
745424
745413
745399
745392
745377
745371
745362
745344
745311
745265
745242
745235
745235
745229
745221
745205
745136
745098
745075
745041
745016
745015
744963
744944
744938
744921
744885
744860
744859
744841
744788
744786
744784
744768
744764
744740
744722
744716
744707
744665
744642
744617
744615
744603
744591
744556
744532
744490
744463
744460
744450
744446
744433
744422
744421
744398
744391
744380
744358
744326
744296
744275
744274
744222
744213
744179
744124
744108
744076
744074
744010
743971
743969
743952
743948
743921
743911
743902
743859
743824
743803
743790
743757
743746
743717
743673
743665
743656
743622
743621
743591
743582
743576
743552
743550
743549
743548
743526
743499
743490
743454
743437
743432
743430
743423
743419
743413
743392
743380
743358
743326
743325
743321
743313
743304
743257
743239
743232
743215
743198
743190
743147
743145
743096
743087
743085
743059
743059
743055
743019
743014
743007
742999
742952
742886
742885
742881
742873
742870
742869
742857
742853
742836
742798
742770
742754
742732
742704
742675
742657
742642
742621
742614
742598
742564
742539
742521
742504
742477
742455
742422
742414
742399
742392
742390
742369
742327
742318
742293
742278
742271
742258
742254
742232
742208
742186
742150
742146
742131
742109
742102
742066
742051
742045
741963
741938
741912
741872
741868
741867
741863
741782
741778
741743
741715
741676
741667
741655
741646
741627
741600
741595
741574
741556
741549
741545
741543
741517
741515
741506
741465
741464
741390
741371
741356
741354
741335
741294
741278
741273
741270
741259
741216
741188
741166
741154
741150
741121
741092
741060
741055
741049
741034
741018
740957
740913
740899
740884
740858
740819
740791
740783
740771
740746
740738
740737
740718
740694
740618
740603
740593
740581
740577
740568
740564
740557
740556
740542
740542
740522
740518
740485
740461
740460
740458
740457
740452
740437
740429
740424
740421
740408
740407
740401
740379
740377
740372
740367
740360
740337
740326
740320
740298
740295
740289
740279
740278
740261
740254
740237
740236
740230
740225
740210
740210
740204
740201
740195
740189
740185
740172
740171
740161
740159
740139
740137
740135
740123
740113
740098
740080
740068
740051
740046
740044
740026
739998
739970
739965
739918
739867
739845
739838
739833
739821
739816
739810
739803
739795
739788
739781
739771
739769
739765
739754
739746
739716
739691
739688
739668
739644
739643
739643
739621
739620
739608
739600
739598
739595
739583
739582
739563
739545
739503
739500
739486
739483
739457
739456
739435
739429
739420
739404
739395
739377
739345
739327
739319
739296
739283
739249
739210
739195
739153
739150
739138
739122
739121
739120
739108
739059
739040
739026
739017
739013
738990
738955
738928
738907
738884
738851
738817
738805
738799
738796
738790
738774
738769
738766
738746
738738
738726
738722
738670
738645
738641
738638
738622
738608
738605
738564
738551
738538
738522
738520
738474
738470
738457
738448
738451
738449
738446
738426
738422
738406
738386
738382
738383
738371
738370
738323
738308
738308
738292
738271
738259
738249
738214
738177
738176
738170
738166
738153
738141
738132
738125
738122
738087
738085
738077
738056
738056
738056
738049
738028
738027
738026
738022
738016
738004
737974
737969
737955
737955
737936
737917
737917
737917
737871
737852
737848
737820
737819
737813
737793
737789
737786
737786
737779
737760
737751
737745
737722
737716
737663
737641
737635
737635
737602
737601
737595
737583
737578
737553
737530
737528
737491
737489
737466
737421
737414
737410
737399
737368
737343
737342
737328
737326
737314
737266
737259
737251
737251
737235
737222
737220
737215
737190
737179
737178
737155
737140
737138
737138
737124
737123
737123
737115
737045
737040
737026
737019
737011
736992
736982
736977
736958
736944
736933
736929
736921
736910
736908
736884
736873
736869
736855
736841
736832
736824
736821
736810
736805
736768
736756
736736
736714
736705
736700
736696
736669
736650
736610
736583
736579
736565
736510
736488
736479
736455
736401
736395
736390
736362
736359
736329
736325
736274
736249
736248
736230
736223
736217
736186
736186
736151
736151
736149
736143
736125
736102
736092
736091
736069
736032
736031
736013
736009
736004
735989
735987
735987
735982
735970
735944
735929
735926
735908
735897
735895
735884
735878
735864
735852
735843
735825
735806
735781
735779
735699
735617
735616
735597
735592
735544
735540
735534
735516
735506
735491
735417
735408
735390
735364
735362
735346
735321
735320
735313
735311
735300
735294
735280
735265
735261
735226
735222
735208
735189
735162
735152
735138
735126
735118
735098
735095
735079
735041
735038
735033
735018
734970
734968
734941
734920
734912
734906
734903
734887
734831
734801
734770
734742
734719
734709
734676
734666
734630
734615
734608
734581
734550
734540
734498
734453
734446
734432
734409
734397
734344
734322
734302
734273
734272
734267
734265
734229
734173
734166
734144
734123
734110
734099
734097
734092
734070
734053
734011
734005
733996
733981
733980
733977
733891
733888
733876
733870
733864
733844
733843
733815
733812
733801
733773
733748
733746
733730
733727
733702
733688
733677
733665
733664
733659
733640
733629
733592
733583
733574
733568
733562
733561
733538
733532
733524
733469
733462
733435
733430
733410
733391
733388
733388
733374
733364
733324
733314
733308
733286
733251
733247
733245
733187
733170
733140
733123
733083
733058
732992
732977
732969
732919
732919
732896
732892
732887
732873
732859
732827
732825
732822
732807
732802
732796
732750
732725
732717
732708
732706
732698
732685
732670
732668
732667
732650
732639
732586
732556
732513
732485
732483
732428
732411
732372
732327
732277
732269
732222
732213
732155
732135
732124
732118
732116
732110
732106
732082
732079
732068
732034
732031
732028
732011
732006
731925
731924
731914
731910
731894
731893
731864
731849
731847
731843
731767
731748
731747
731744
731739
731729
731703
731681
731663
731638
731629
731611
731578
731573
731555
731550
731546
731532
731487
731464
731447
731442
731403
731401
731400
731397
731362
731335
731307
731288
731258
731254
731184
731167
731150
731140
731135
731115
731077
731066
731025
731014
730994
730985
730980
730979
730953
730910
730886
730861
730854
730850
730844
730834
730811
730799
730779
730773
730744
730743
730743
730740
730721
730716
730712
730704
730686
730682
730672
730642
730638
730624
730621
730604
730601
730601
730576
730573
730570
730547
730528
730487
730486
730473
730468
730457
730457
730415
730407
730364
730363
730359
730298
730291
730273
730270
730262
730237
730226
730225
730174
730165
730150
730118
730084
730083
730083
730052
730047
730026
729994
729983
729974
729940
729918
729917
729917
729916
729908
729898
729862
729850
729844
729839
729832
729798
729794
729790
729781
729776
729764
729712
729707
729694
729683
729683
729681
729673
729668
729663
729650
729647
729628
729628
729621
729608
729601
729597
729591
729584
729566
729564
729551
729543
729540
729538
729535
729517
729487
729480
729465
729449
729415
729406
729397
729394
729383
