334352
334352
334287
334128
333953
333309
333273
333096
332919
332898
332373
332341
331893
331835
331353
331289
331263
331260
330966
330898
330782
330714
330353
330309
330245
330047
330014
329830
329778
329476
329341
328951
328751
328689
328682
328412
328261
328253
328050
328003
328000
327956
327689
327610
327481
327328
327178
327177
326940
326772
326658
326092
325882
325877
325677
325671
325624
325459
325389
325215
325205
325110
324783
324660
323341
323264
322940
322893
322874
322701
322580
322538
322386
322383
322310
322289
322197
321762
321727
321632
321616
321535
321305
321116
321076
320964
320902
320633
320606
320537
320465
320380
319932
319907
319516
319469
319450
319277
319156
319060
319018
318866
318863
318674
318634
318528
318432
318414
317681
317574
317553
317549
317465
317459
317381
317279
317266
317059
317058
316803
316504
316461
316419
316283
316207
316101
316077
316048
315801
315614
315482
315243
314728
314704
314647
314353
313528
312794
312736
312674
312502
312428
312303
312031
311854
311803
311688
311402
310901
310607
310573
310571
310263
310208
310167
310018
309932
309809
309606
309269
309136
308983
308310
308270
308178
308112
308069
307949
307946
307935
307918
307733
307455
307081
307077
306869
306736
306498
305982
305938
305818
305816
305805
305788
305603
305324
304951
304947
304739
304606
304368
303852
303808
303730
303723
303701
303698
303610
303497
303215
303113
302928
302648
302297
302226
302088
301857
301814
301773
301655
301444
301375
301239
300929
300899
300411
300281
300187
300002
299623
299477
299320
299234
299232
299129
299093
298729
298545
298301
298218
298214
298213
297968
297929
297713
297675
297639
297599
297575
297540
297263
297218
297042
296808
296013
295942
295909
295802
295700
295687
295681
295674
295396
295352
295176
294942
294146
294075
294042
293936
293834
293821
293815
293807
293701
293631
293558
293481
293405
293180
293097
292707
292582
292506
292281
292278
292275
292236
292197
292171
292021
291995
291844
