3.00503e+07
3.00496e+07
3.00485e+07
3.00482e+07
3.0039e+07
3.00376e+07
3.00353e+07
3.00348e+07
3.0029e+07
3.00231e+07
3.00162e+07
3.00137e+07
3.00092e+07
3.00019e+07
2.99972e+07
2.99776e+07
2.99758e+07
2.99747e+07
2.99742e+07
2.99702e+07
2.99668e+07
2.99662e+07
2.9965e+07
2.9958e+07
2.99514e+07
2.99443e+07
2.99387e+07
2.99378e+07
2.99057e+07
2.9887e+07
2.98774e+07
2.98677e+07
2.98619e+07
2.98594e+07
2.98523e+07
2.98423e+07
2.98355e+07
2.98309e+07
2.98266e+07
2.98247e+07
2.98224e+07
2.98133e+07
2.98126e+07
2.98094e+07
2.98086e+07
2.97986e+07
2.97975e+07
2.97915e+07
2.97836e+07
2.97808e+07
2.97802e+07
2.97801e+07
2.97683e+07
2.97573e+07
2.97569e+07
2.97549e+07
2.9752e+07
2.97404e+07
2.97333e+07
2.97268e+07
2.97258e+07
2.97229e+07
2.972e+07
2.97065e+07
2.97063e+07
2.97013e+07
2.9699e+07
2.96876e+07
2.96855e+07
2.96852e+07
2.96837e+07
2.96828e+07
2.96742e+07
2.96738e+07
2.96732e+07
2.9673e+07
2.96717e+07
2.96716e+07
2.96707e+07
2.96625e+07
2.96607e+07
2.96604e+07
2.96571e+07
2.96566e+07
2.96536e+07
2.96506e+07
2.96502e+07
2.96427e+07
2.96336e+07
2.96322e+07
2.9632e+07
2.96298e+07
2.96296e+07
2.96283e+07
2.96239e+07
2.96232e+07
2.96184e+07
2.96161e+07
2.96063e+07
2.96039e+07
2.96007e+07
2.95975e+07
2.95934e+07
2.95926e+07
2.95893e+07
2.95805e+07
2.95796e+07
2.95739e+07
2.95721e+07
2.9571e+07
2.95683e+07
2.95598e+07
2.95553e+07
2.95517e+07
2.95516e+07
2.95508e+07
2.95488e+07
2.95476e+07
2.95454e+07
2.95449e+07
2.95334e+07
2.95333e+07
2.95294e+07
2.95282e+07
2.9527e+07
2.95134e+07
2.95067e+07
2.95057e+07
2.9505e+07
2.95015e+07
2.9501e+07
2.94979e+07
2.94979e+07
2.94885e+07
2.94874e+07
2.94857e+07
2.94853e+07
2.94853e+07
2.94838e+07
2.94827e+07
2.94819e+07
2.94818e+07
2.94815e+07
2.94808e+07
2.948e+07
2.94784e+07
2.9472e+07
2.94714e+07
2.9468e+07
2.94626e+07
2.94624e+07
2.94615e+07
2.94531e+07
2.94067e+07
2.9398e+07
2.93953e+07
2.93932e+07
2.93883e+07
2.93864e+07
2.93842e+07
2.93833e+07
2.93759e+07
2.93758e+07
2.93744e+07
2.93723e+07
2.93717e+07
2.93711e+07
2.93568e+07
2.93564e+07
2.93562e+07
2.93503e+07
2.93491e+07
2.9347e+07
2.93459e+07
2.93457e+07
2.93456e+07
2.93445e+07
2.93429e+07
2.93414e+07
2.93399e+07
2.93385e+07
2.93371e+07
2.9336e+07
2.93359e+07
2.93334e+07
2.93332e+07
2.93331e+07
2.9332e+07
2.93305e+07
2.9329e+07
2.93278e+07
2.93261e+07
2.93248e+07
2.93227e+07
2.93221e+07
2.93217e+07
2.93209e+07
2.93067e+07
2.93023e+07
2.93023e+07
2.93021e+07
2.93005e+07
2.92988e+07
2.92972e+07
2.9295e+07
2.92948e+07
2.92946e+07
2.92921e+07
2.92896e+07
2.92874e+07
2.92873e+07
2.92853e+07
2.92837e+07
2.9282e+07
2.92816e+07
2.92811e+07
2.92799e+07
2.92795e+07
2.92771e+07
2.92746e+07
2.92721e+07
2.92699e+07
2.92683e+07
2.92666e+07
2.9265e+07
2.92633e+07
2.92617e+07
2.926e+07
2.92583e+07
2.92567e+07
2.92565e+07
2.92563e+07
2.92547e+07
2.9253e+07
2.92514e+07
2.92497e+07
2.92481e+07
2.92464e+07
2.92447e+07
2.92431e+07
2.92414e+07
2.92398e+07
2.92381e+07
2.92365e+07
2.92348e+07
2.92332e+07
2.92315e+07
2.92298e+07
2.92282e+07
2.92265e+07
2.92249e+07
2.92232e+07
2.92216e+07
2.92199e+07
2.92182e+07
2.92166e+07
2.92149e+07
2.92133e+07
2.92116e+07
2.921e+07
2.92083e+07
2.92067e+07
2.9205e+07
2.92033e+07
2.92017e+07
2.92e+07
2.91984e+07
2.91959e+07
2.91928e+07
2.91927e+07
2.9192e+07
2.91904e+07
2.91895e+07
2.91871e+07
2.91862e+07
2.91846e+07
2.91844e+07
2.91828e+07
2.91811e+07
2.91786e+07
2.91736e+07
2.91719e+07
2.91703e+07
2.91686e+07
2.9167e+07
2.91653e+07
2.91636e+07
2.9162e+07
2.91603e+07
2.91587e+07
2.9157e+07
2.91554e+07
2.91529e+07
2.91512e+07
2.91496e+07
2.91479e+07
2.91463e+07
2.91446e+07
2.9143e+07
2.91413e+07
2.91396e+07
2.9138e+07
2.91363e+07
2.91347e+07
2.9133e+07
2.91314e+07
2.91297e+07
2.91281e+07
2.91264e+07
2.91247e+07
2.91231e+07
2.91214e+07
2.91198e+07
2.91181e+07
2.91165e+07
2.91148e+07
2.91131e+07
2.91115e+07
2.91098e+07
2.91082e+07
2.91065e+07
2.91037e+07
2.91016e+07
2.91015e+07
2.91003e+07
2.90986e+07
2.9097e+07
2.90945e+07
2.9092e+07
2.90904e+07
2.90887e+07
2.90867e+07
2.90859e+07
2.90857e+07
2.90832e+07
2.90825e+07
2.90812e+07
2.90796e+07
2.90792e+07
2.90784e+07
2.90767e+07
2.9076e+07
2.90744e+07
2.90737e+07
2.90713e+07
2.90696e+07
2.90695e+07
2.90667e+07
2.90667e+07
2.90272e+07
2.9003e+07
2.90018e+07
2.90011e+07
2.90009e+07
2.89988e+07
2.89969e+07
2.89949e+07
2.89946e+07
2.89841e+07
2.8983e+07
2.89777e+07
2.89723e+07
2.89718e+07
2.89683e+07
2.89575e+07
2.89564e+07
2.89544e+07
2.89499e+07
2.89479e+07
2.89477e+07
2.89475e+07
2.89381e+07
2.89331e+07
2.89268e+07
2.8923e+07
2.89087e+07
2.89083e+07
2.89083e+07
2.89054e+07
2.8905e+07
2.88999e+07
2.88981e+07
2.88931e+07
2.88808e+07
2.88765e+07
2.88744e+07
2.88723e+07
2.88708e+07
2.88673e+07
2.88611e+07
2.88531e+07
2.88506e+07
2.88503e+07
2.88498e+07
2.88485e+07
2.88458e+07
2.88448e+07
2.88409e+07
2.88361e+07
2.88316e+07
2.8826e+07
2.88215e+07
2.88207e+07
2.88204e+07
2.88187e+07
2.88148e+07
2.88085e+07
2.88014e+07
2.88006e+07
2.87987e+07
2.87969e+07
2.87939e+07
2.87903e+07
2.87903e+07
2.87887e+07
2.87884e+07
2.87871e+07
2.87742e+07
2.87709e+07
2.87694e+07
2.87659e+07
2.87653e+07
2.87599e+07
2.87593e+07
2.87535e+07
2.87514e+07
2.87454e+07
2.87454e+07
2.87392e+07
2.87387e+07
2.87374e+07
2.87365e+07
2.87356e+07
2.87352e+07
2.87349e+07
2.8723e+07
2.87199e+07
2.8719e+07
2.87175e+07
2.87173e+07
2.87168e+07
2.87154e+07
2.87135e+07
2.87107e+07
2.87106e+07
2.87083e+07
2.87066e+07
2.87038e+07
2.87035e+07
2.87019e+07
2.8698e+07
2.86977e+07
2.8694e+07
2.86895e+07
2.86881e+07
2.86844e+07
2.86841e+07
2.86835e+07
2.86751e+07
2.86655e+07
2.86628e+07
2.8659e+07
2.8656e+07
2.8654e+07
2.86474e+07
2.86448e+07
2.86366e+07
2.86328e+07
2.8628e+07
2.8625e+07
2.86147e+07
2.86131e+07
2.8613e+07
2.8611e+07
2.86047e+07
2.86018e+07
2.86018e+07
2.85996e+07
2.85923e+07
2.85917e+07
2.85902e+07
2.85893e+07
2.85881e+07
2.85873e+07
2.8587e+07
2.85851e+07
2.85837e+07
2.85804e+07
2.8569e+07
2.85687e+07
2.85403e+07
2.85338e+07
2.85314e+07
2.85299e+07
2.85274e+07
2.85146e+07
2.85099e+07
2.85045e+07
2.84955e+07
2.84836e+07
2.84791e+07
2.84766e+07
2.84715e+07
2.84712e+07
2.84706e+07
2.84695e+07
2.84691e+07
2.84681e+07
2.84676e+07
2.84667e+07
2.84661e+07
2.84654e+07
2.84646e+07
2.84643e+07
2.84631e+07
2.84614e+07
2.84602e+07
2.84589e+07
2.84574e+07
2.84567e+07
2.84549e+07
2.84547e+07
2.84527e+07
2.84519e+07
2.84502e+07
2.84494e+07
2.84491e+07
2.84483e+07
2.84474e+07
2.84449e+07
2.84434e+07
2.84434e+07
2.84418e+07
2.84418e+07
2.84404e+07
2.84404e+07
2.84391e+07
2.8439e+07
2.84381e+07
2.8438e+07
2.84373e+07
2.8437e+07
2.84367e+07
2.84361e+07
2.84336e+07
2.84275e+07
2.84258e+07
2.84242e+07
2.84227e+07
2.84223e+07
2.84215e+07
2.83958e+07
2.83949e+07
2.83926e+07
2.8389e+07
2.83885e+07
2.83834e+07
2.8383e+07
2.83778e+07
2.83775e+07
2.83775e+07
2.83747e+07
2.83712e+07
2.83696e+07
2.83671e+07
2.83671e+07
2.83663e+07
2.83662e+07
2.83634e+07
2.83595e+07
2.83593e+07
2.83566e+07
2.83294e+07
2.83276e+07
2.83259e+07
2.83259e+07
2.83244e+07
2.83209e+07
2.83206e+07
2.83205e+07
2.83194e+07
2.83191e+07
2.83181e+07
2.83156e+07
2.83155e+07
2.83145e+07
2.83144e+07
2.83137e+07
2.83133e+07
2.83105e+07
2.83082e+07
2.83067e+07
2.83042e+07
2.83041e+07
2.83039e+07
2.83023e+07
2.83006e+07
2.8299e+07
2.82573e+07
2.82561e+07
2.82545e+07
2.82528e+07
2.82512e+07
2.82495e+07
2.8247e+07
2.82468e+07
2.82466e+07
2.82455e+07
2.82422e+07
2.8241e+07
2.82378e+07
2.8237e+07
2.8234e+07
2.82324e+07
2.82312e+07
2.82304e+07
2.82297e+07
2.82272e+07
2.82271e+07
2.82261e+07
2.82245e+07
2.82232e+07
2.82207e+07
2.82197e+07
2.82178e+07
2.82162e+07
2.82158e+07
2.82151e+07
2.82134e+07
2.82119e+07
2.82095e+07
2.82091e+07
2.82052e+07
2.8205e+07
2.82038e+07
2.82022e+07
2.8201e+07
2.81994e+07
2.81994e+07
2.8199e+07
2.81956e+07
2.8193e+07
2.81766e+07
2.81754e+07
2.81739e+07
2.81731e+07
2.81728e+07
2.81728e+07
2.81712e+07
2.81463e+07
2.81415e+07
2.81398e+07
2.81382e+07
2.81373e+07
2.81348e+07
2.81323e+07
2.81307e+07
2.8129e+07
2.81283e+07
2.81182e+07
2.8118e+07
2.81179e+07
2.81169e+07
2.81165e+07
2.8116e+07
2.81153e+07
2.81131e+07
2.81114e+07
2.81098e+07
2.81095e+07
2.81067e+07
2.8105e+07
2.81044e+07
2.81037e+07
2.8102e+07
2.81e+07
2.80983e+07
2.80966e+07
2.80958e+07
2.80947e+07
2.80935e+07
2.80919e+07
2.80908e+07
2.80894e+07
2.8088e+07
2.80871e+07
2.80854e+07
2.80851e+07
2.80832e+07
2.80811e+07
2.80794e+07
2.80777e+07
2.80761e+07
2.80745e+07
2.80735e+07
2.80723e+07
2.80715e+07
2.80698e+07
2.80682e+07
2.80665e+07
2.80638e+07
2.80622e+07
2.80605e+07
2.80595e+07
2.80578e+07
2.80561e+07
2.80546e+07
2.80529e+07
2.80518e+07
2.80502e+07
2.80485e+07
2.80469e+07
2.80452e+07
2.80436e+07
2.80411e+07
2.8041e+07
2.80402e+07
2.80375e+07
2.80367e+07
2.80351e+07
2.80334e+07
2.80318e+07
2.80301e+07
2.80284e+07
2.80281e+07
2.80273e+07
2.80256e+07
2.80249e+07
2.80245e+07
2.80229e+07
2.80221e+07
2.80218e+07
2.80201e+07
2.80194e+07
2.80191e+07
2.80174e+07
2.80157e+07
2.80141e+07
2.80124e+07
2.80108e+07
2.80105e+07
2.80099e+07
2.80083e+07
2.80082e+07
2.80066e+07
2.80058e+07
2.80041e+07
2.80025e+07
2.80008e+07
2.79987e+07
2.79962e+07
2.7995e+07
2.79879e+07
2.79859e+07
2.79827e+07
2.7972e+07
2.79634e+07
2.79589e+07
2.79563e+07
2.79548e+07
2.79515e+07
2.79482e+07
2.79474e+07
2.79468e+07
2.79333e+07
2.79331e+07
2.79317e+07
2.7928e+07
2.79221e+07
2.7921e+07
2.7916e+07
2.79092e+07
2.79062e+07
2.79013e+07
2.78951e+07
2.78926e+07
2.78897e+07
2.78878e+07
2.78843e+07
2.78842e+07
2.78818e+07
2.78815e+07
2.78768e+07
2.78752e+07
2.78712e+07
2.78711e+07
2.7868e+07
2.78653e+07
2.78601e+07
2.78567e+07
2.78564e+07
2.78546e+07
2.78516e+07
2.78512e+07
2.78509e+07
2.78494e+07
2.78476e+07
2.7844e+07
2.78409e+07
2.78402e+07
2.78342e+07
2.78337e+07
2.7831e+07
2.78249e+07
2.78142e+07
2.77553e+07
2.7754e+07
2.77517e+07
2.77398e+07
2.77369e+07
2.77163e+07
2.77087e+07
2.77064e+07
2.77025e+07
2.77014e+07
2.76752e+07
2.76456e+07
2.76251e+07
2.76178e+07
2.76165e+07
2.76091e+07
2.76065e+07
2.76039e+07
2.75988e+07
2.7594e+07
2.75922e+07
2.75898e+07
2.75895e+07
2.75785e+07
2.75668e+07
2.75543e+07
2.75508e+07
2.75501e+07
2.75408e+07
2.75355e+07
2.75352e+07
2.75296e+07
2.75275e+07
2.7525e+07
2.75239e+07
2.75212e+07
2.75204e+07
2.75178e+07
2.75156e+07
2.75133e+07
2.75132e+07
2.75109e+07
2.75098e+07
2.7508e+07
2.7504e+07
2.74991e+07
2.74981e+07
2.74961e+07
2.74901e+07
2.7487e+07
2.74669e+07
2.74644e+07
2.74639e+07
2.74633e+07
2.7457e+07
2.7454e+07
2.74538e+07
2.74475e+07
2.74313e+07
2.74246e+07
2.74229e+07
2.74107e+07
2.74082e+07
2.74073e+07
2.74048e+07
2.7404e+07
2.74019e+07
2.73955e+07
2.73953e+07
2.73943e+07
2.73938e+07
2.73917e+07
2.73906e+07
2.73882e+07
2.73857e+07
2.73852e+07
2.73835e+07
2.73819e+07
2.73802e+07
2.7379e+07
2.73589e+07
2.73578e+07
2.73562e+07
2.73549e+07
2.73547e+07
2.73516e+07
2.73506e+07
2.73499e+07
2.73499e+07
2.73486e+07
2.73482e+07
2.7348e+07
2.73452e+07
2.73377e+07
2.73354e+07
2.73352e+07
2.7334e+07
2.7333e+07
2.73328e+07
2.73308e+07
2.73266e+07
2.73262e+07
2.73042e+07
2.73025e+07
2.73016e+07
2.73008e+07
2.72982e+07
2.72958e+07
2.72941e+07
2.72925e+07
2.72908e+07
2.72892e+07
2.72875e+07
2.72866e+07
2.72849e+07
2.72842e+07
2.7284e+07
2.72815e+07
2.72807e+07
2.72804e+07
2.728e+07
2.72795e+07
2.72793e+07
2.72784e+07
2.72776e+07
2.72759e+07
2.72754e+07
2.72739e+07
2.72733e+07
2.72706e+07
2.72694e+07
2.72675e+07
2.72668e+07
2.72663e+07
2.72648e+07
2.72639e+07
2.72625e+07
2.72622e+07
2.72609e+07
2.72592e+07
2.72585e+07
2.72569e+07
2.72552e+07
2.72536e+07
2.72524e+07
2.72505e+07
2.72501e+07
2.72497e+07
2.7249e+07
2.72486e+07
2.72461e+07
2.72458e+07
2.72433e+07
2.72429e+07
2.72405e+07
2.72401e+07
2.72376e+07
2.7236e+07
2.72325e+07
2.72321e+07
2.72305e+07
2.72295e+07
2.72279e+07
2.72267e+07
2.72257e+07
2.72256e+07
2.72246e+07
2.72238e+07
2.72234e+07
2.72231e+07
2.7223e+07
2.7222e+07
2.72212e+07
2.72211e+07
2.72185e+07
2.72168e+07
2.72166e+07
2.72151e+07
2.72143e+07
2.72132e+07
2.7213e+07
2.72128e+07
2.72108e+07
2.72088e+07
2.72086e+07
2.72069e+07
2.72061e+07
2.72053e+07
2.72043e+07
2.72032e+07
2.72024e+07
2.72016e+07
2.72007e+07
2.71976e+07
2.71956e+07
2.71952e+07
2.71905e+07
2.71902e+07
2.71895e+07
2.71752e+07
2.71751e+07
2.7175e+07
2.71749e+07
2.71644e+07
2.71632e+07
2.71612e+07
2.71606e+07
2.71605e+07
2.71602e+07
2.71579e+07
2.71538e+07
2.71533e+07
2.71448e+07
2.71433e+07
2.71393e+07
2.71368e+07
2.71341e+07
2.71336e+07
2.71308e+07
2.71299e+07
2.71264e+07
2.71196e+07
2.71179e+07
2.71172e+07
2.71164e+07
2.71094e+07
2.71086e+07
2.71071e+07
2.71044e+07
2.71022e+07
2.71004e+07
2.70981e+07
2.70865e+07
2.7079e+07
2.70778e+07
2.70772e+07
2.70756e+07
2.70749e+07
2.70701e+07
2.70677e+07
2.70662e+07
2.70657e+07
2.70646e+07
2.70639e+07
2.7061e+07
2.70604e+07
2.70536e+07
2.7053e+07
2.70522e+07
2.70483e+07
2.70393e+07
2.70386e+07
2.7033e+07
2.70308e+07
2.70304e+07
2.7026e+07
2.70249e+07
2.70201e+07
2.70185e+07
2.70176e+07
2.70089e+07
2.70011e+07
2.69977e+07
2.69971e+07
2.69955e+07
2.69924e+07
2.69917e+07
2.69853e+07
2.69843e+07
2.69842e+07
2.69826e+07
2.69688e+07
2.69665e+07
2.69648e+07
2.69628e+07
2.69618e+07
2.6961e+07
2.69609e+07
2.69604e+07
2.69601e+07
2.69552e+07
2.69507e+07
2.69244e+07
2.69103e+07
2.69078e+07
2.69077e+07
2.69067e+07
2.69062e+07
2.69049e+07
2.69037e+07
2.68875e+07
2.68846e+07
2.68823e+07
2.68811e+07
2.688e+07
2.68731e+07
2.68731e+07
2.68712e+07
2.68698e+07
2.68681e+07
2.68676e+07
2.68666e+07
2.68633e+07
2.6861e+07
2.68559e+07
2.68546e+07
2.68534e+07
2.68518e+07
2.68511e+07
2.68461e+07
2.68455e+07
2.68405e+07
2.684e+07
2.68348e+07
2.68341e+07
2.6834e+07
2.68339e+07
2.68339e+07
2.68311e+07
2.6829e+07
2.6829e+07
2.68227e+07
2.68214e+07
2.68202e+07
2.68189e+07
2.68164e+07
2.68156e+07
2.68144e+07
2.68136e+07
2.6812e+07
2.68114e+07
2.68089e+07
2.68087e+07
2.68082e+07
2.6802e+07
2.68017e+07
2.68e+07
2.67994e+07
2.67994e+07
2.67952e+07
2.67936e+07
2.67806e+07
2.67803e+07
2.67792e+07
2.67788e+07
2.67788e+07
2.67759e+07
2.67751e+07
2.67674e+07
2.67667e+07
2.67652e+07
2.67617e+07
2.67591e+07
2.67376e+07
2.67326e+07
2.6731e+07
2.67301e+07
2.673e+07
2.67298e+07
2.67284e+07
2.67104e+07
2.67065e+07
2.67019e+07
2.66976e+07
2.66958e+07
2.66954e+07
2.66953e+07
2.66943e+07
2.66918e+07
2.6691e+07
2.66906e+07
2.66892e+07
2.66884e+07
2.66878e+07
2.66874e+07
2.66866e+07
2.66849e+07
2.66848e+07
2.66846e+07
2.66846e+07
2.66821e+07
2.66818e+07
2.66818e+07
2.6679e+07
2.66763e+07
2.66758e+07
2.66741e+07
2.66738e+07
2.66713e+07
2.66697e+07
2.6668e+07
2.66677e+07
2.66672e+07
2.66657e+07
2.66651e+07
2.66644e+07
2.66637e+07
2.66621e+07
2.66606e+07
2.66606e+07
2.6659e+07
2.6659e+07
2.66388e+07
2.66386e+07
2.66378e+07
2.66333e+07
2.66322e+07
2.6628e+07
2.66269e+07
2.6625e+07
2.66237e+07
2.66223e+07
2.66206e+07
2.66167e+07
2.66133e+07
2.66122e+07
2.66114e+07
2.66101e+07
2.66092e+07
2.66076e+07
2.66073e+07
2.66057e+07
2.66039e+07
2.65989e+07
2.65971e+07
2.65954e+07
2.65943e+07
2.6592e+07
2.65909e+07
2.65908e+07
2.65885e+07
2.65872e+07
2.6586e+07
