237432
237427
237420
237405
237380
237368
237349
237327
237308
237304
237296
237280
237276
237259
237251
237247
237233
237211
237209
237187
237187
237146
237132
237122
237120
237085
237079
237040
237031
237023
237016
236976
236975
236971
236969
236945
236933
236932
236894
236879
236843
236824
236812
236771
236747
236718
236706
236668
236654
236649
236647
236617
236606
236585
236549
236515
236509
236477
236473
236383
236365
236363
236277
236268
236257
236204
236197
236192
236181
236173
236167
236149
236127
236120
236115
236098
236076
236038
236024
236013
235946
235928
235915
235908
235875
235846
235828
235791
235778
235770
235758
235746
235736
235713
235699
235688
235682
235661
235649
235622
235605
235598
235596
235580
235575
235554
235553
235519
235519
235474
235414
235386
235381
235374
235338
235311
235296
235285
235283
235250
235211
235168
235139
235127
235103
235074
235066
235044
235019
235001
234976
234915
234888
234867
234854
234846
234845
234834
234821
234760
234722
234705
234643
234623
234609
234581
234579
234573
234544
234526
234511
234489
234462
234425
234424
234406
234343
234306
234306
234286
234267
234252
234243
234199
234187
234184
234157
234132
234122
234112
234094
234077
234073
234054
234022
234021
234007
233981
233948
233904
233896
233854
233850
233836
233795
233775
233748
233729
233723
233713
233709
233707
233692
233671
233641
233638
233635
233609
233580
233577
233559
233544
233501
233498
233497
233475
233460
233432
233419
233415
233341
233297
233257
233249
233236
233231
233210
233174
233160
233106
233073
233069
233046
233034
233003
232999
232965
232912
232871
232853
232852
232827
232815
232796
232759
232745
232731
232714
232696
232640
232638
232633
232624
232624
232620
232617
232608
232591
232577
232572
232554
232491
232482
232473
232443
232430
232429
232427
232422
232413
232358
232324
232274
232264
232254
232246
232230
232217
232186
232176
232130
232128
232126
232125
232068
232059
232022
231946
231942
231931
231914
231888
231877
231859
231845
231814
231802
231798
231793
231756
231750
231688
231679
231656
231649
231639
231605
231578
231552
231528
231500
231500
231471
231451
231439
231434
231411
231373
231329
231326
231294
231220
231214
231191
231161
231158
231146
231137
231095
231091
231083
231061
231049
231042
231026
231006
230992
230984
230957
230925
230912
230881
230870
230850
230838
230836
230812
230765
230761
230754
230734
230720
230670
230654
230638
230556
230555
230537
230495
230477
230469
230469
230447
230437
230432
230422
230384
230362
230308
230300
230300
230265
230198
230192
230184
230134
230120
230116
230114
230092
230075
230036
230002
229999
229968
229948
229940
229938
229930
229930
229928
229922
229867
229852
229844
229823
229821
229792
229761
229759
229722
229718
229695
229674
229635
229621
229610
229609
229605
229547
229545
229537
229525
229516
229463
229428
229427
229421
229327
229303
229275
229265
229249
229229
229195
229193
229179
229166
229163
229126
229121
229089
229049
229044
229033
229019
229016
229000
228970
228967
228913
228893
228790
228760
228735
228725
228714
228671
228646
228635
228630
228618
228608
228605
228597
228570
228547
228509
228494
228479
228445
228428
228382
228364
228363
228322
228311
228304
228283
228224
228224
228217
228204
228178
228091
228044
228012
227982
227979
227974
227952
227933
227885
227881
227877
227868
227856
227836
227804
227777
227737
227685
227681
227656
227639
227628
227621
227617
227616
227596
227557
227539
227526
227522
227471
227459
227444
227437
227376
227370
227293
227252
227250
227201
227158
227141
227082
227078
227077
227073
227049
227043
227012
227000
226903
226873
226856
226812
226802
226794
226771
226765
226753
226738
226738
226729
226689
226682
226660
226614
226603
226557
226554
226550
226529
226494
226488
226484
226421
226413
226383
226363
226300
226292
226281
226252
226249
226230
226184
226165
226151
226116
226053
226019
225997
225952
225941
225939
225893
225879
225857
225842
225829
225779
225760
225740
225731
225727
225727
225696
225663
225641
225640
225630
225580
225574
225554
225537
225492
225461
225425
225388
225379
225369
225342
225339
225321
225292
225246
225222
225210
225194
225187
225182
225177
225149
225148
225117
225106
225088
225067
225017
224998
224984
224975
224930
224925
224923
224919
224862
224840
224814
224808
224804
224799
224795
224794
224770
224765
224726
224718
224708
224696
224687
224650
224580
224578
224511
224495
224426
224380
224371
224367
224359
224327
224312
224304
224297
224229
224228
224187
224157
224150
224144
224076
224044
224039
224005
223993
223992
223976
223951
223946
223923
223914
223899
223839
223823
223803
223792
223763
223750
223731
223706
223699
223698
223661
223652
223635
223622
223614
223603
223578
223517
223487
223475
223471
223447
223402
223393
223390
223357
223235
223176
223165
223142
223090
223009
222984
222958
222935
222826
222783
222768
222707
222663
222633
222624
222618
222574
222547
222528
222493
222483
222482
222453
222443
222426
222392
222383
222367
222363
222350
222307
222228
222213
222212
222191
222189
222188
222187
222167
222160
222144
222137
222116
222104
222104
222053
222041
222027
221989
221976
221952
221920
221864
221862
221858
221858
221851
221822
221762
221762
221736
221725
221715
221652
221637
221630
221607
221597
221567
221556
221418
221406
221400
221362
221324
221297
221275
221254
221253
221240
221191
221150
221141
221131
221117
221100
221093
221085
221049
221029
220934
220899
220872
220870
220840
220821
220793
220785
220756
220753
220715
220680
220675
220662
220650
220646
220638
220608
220587
220555
220554
220449
220430
220402
220381
220344
220333
220312
220305
220298
220282
220265
220252
220245
220232
220207
220159
220154
220137
220114
220092
220073
220067
220058
220013
219987
219962
219929
219882
219878
219857
219815
219770
219741
219714
219659
219652
219641
219628
219597
219592
219583
219574
219526
219502
219457
219456
219428
219427
219403
219397
219374
219329
219276
219275
219218
219217
219189
219146
219141
219136
219120
219120
219079
219052
219047
219021
218965
218948
218875
218840
218820
218773
218706
218679
218669
218613
218602
218593
218555
218532
218481
218480
218479
218454
218448
218442
218426
218374
218312
218295
218267
218242
218232
218180
218175
218174
218154
218152
218130
218116
218086
218022
218021
218008
218002
217993
217957
217891
217874
217855
217845
217821
217803
217800
217786
217748
217731
217678
217642
217593
217582
217581
217556
217546
217498
217436
217415
217365
217356
217342
217330
217301
217285
217278
217259
217234
217207
217194
217136
217129
217109
217106
217037
217027
217009
216982
216859
216823
216815
216757
216748
216741
216723
216692
216689
216656
216647
216633
216594
216592
216584
216567
216515
216470
216466
216445
216423
216409
216404
216390
216365
216358
216299
216298
216276
216256
216247
216243
216235
216230
216210
216189
216185
216168
216165
216071
216064
216037
216028
216024
215996
215994
215980
215973
215969
215954
215915
215880
215878
215863
215861
215843
215833
215820
215816
215813
215784
215764
215709
215682
215665
215650
215644
215625
215586
215563
215530
215507
215503
215468
215464
215415
215414
215399
215392
215378
215370
215359
215325
215315
215245
215219
215208
215194
215165
215161
215127
215123
215100
215064
215059
215047
215041
215022
214995
214958
214942
214926
214885
214877
214862
214846
214845
214812
214789
214771
214756
214720
214694
214667
214653
214650
214626
214624
214616
214608
214595
214595
214588
214581
214550
214550
214512
214510
214492
214485
214454
214454
214447
214423
214412
214410
214407
214401
214393
214354
214325
214299
214299
214285
214253
214201
214162
214134
214113
214102
214090
214087
214083
214041
214027
213999
213991
213960
213949
213901
213863
213841
213823
213820
213808
213801
213792
213791
213777
213762
213732
213731
213731
213682
213630
213628
213615
213614
213584
213557
213546
213535
213515
213505
213472
213464
213449
213423
213372
213352
213343
213285
213262
213233
213206
213164
213051
213029
212969
212935
212925
212907
212884
212878
212873
212868
212851
212792
212780
212698
212689
212685
212654
212625
212610
212589
212584
212571
212565
212554
212541
212534
212518
212516
212513
212500
212456
212404
212381
212328
212254
212222
212209
212165
212139
212109
212064
212009
211988
211962
211956
211956
211934
211927
211927
211897
211859
211842
211779
211757
211750
211720
211714
211686
211676
211583
211535
211523
211458
211422
211412
211408
211383
211355
211342
211317
211309
211286
211270
211211
211192
211168
211140
211137
211132
211125
211112
211065
211059
211049
211033
211024
211005
210994
210979
210976
210960
210934
210907
210907
210896
210886
210885
210869
210788
210781
210739
210708
210699
210674
210657
210640
210630
210620
210600
210581
210572
210540
210514
210511
210488
210472
210435
210412
210397
210396
210374
210350
210338
210333
210313
210274
210243
210207
210156
210155
210131
210104
210086
210058
210054
209991
209900
209896
209863
209840
209820
209813
209765
209762
209751
209730
209728
209718
209710
209706
209642
209633
209593
209585
209584
209573
209558
209539
209534
209526
209456
209453
209411
209391
209364
209300
209260
209179
209178
209172
209138
209114
209089
209069
209059
209025
208998
208984
208975
208950
208907
208897
208892
208861
208844
208841
208820
208810
208768
208754
208734
208720
208699
208661
208648
208646
208626
208545
208540
208508
208492
208490
208489
208488
208446
208362
208340
208317
208311
208281
208208
208161
208156
208143
208126
208114
208108
208075
208070
208054
208054
208053
208033
207955
207950
207940
207934
207926
207915
207909
207873
207870
207865
207846
207832
207831
207809
207769
207768
207758
207745
207736
207732
207706
207687
207649
207648
207645
207618
207543
207518
207518
207506
207492
207465
207438
207417
207410
207404
207375
207374
207369
207348
207344
207294
207290
207282
207276
207165
207151
207125
207111
207103
207092
207082
207061
207048
207026
207011
207011
207006
207005
206998
206960
206954
206937
206902
206901
206856
206825
206822
206811
206778
206776
206773
206747
206735
