612206
612205
612174
612147
612145
612116
612101
612038
612000
611982
611956
611932
611913
611903
611894
611858
611854
611822
611788
611774
611744
611721
611700
611695
611676
611665
611651
611642
611631
611626
611623
611623
611608
611590
611547
611521
611519
611510
611496
611486
611481
611466
611418
611414
611387
611375
611367
611347
611318
611295
611292
611190
611183
611172
611130
611117
611110
611098
611091
611079
611078
611066
611031
611026
611024
611014
610959
610921
610914
610913
610900
610872
610869
610864
610826
610788
610774
610774
610771
610754
610743
610714
610708
610708
610661
610650
610606
610603
610596
610593
610587
610576
610569
610561
610554
610543
610531
610509
610504
610504
610501
610487
610456
610454
610452
610434
610425
610397
610366
610330
610314
610314
610242
610229
610204
610204
610196
610193
610166
610153
610125
610064
610055
610039
610029
610016
610009
609993
609986
609979
609958
609957
609956
609913
609905
609810
609796
609788
609782
609747
609747
609700
609665
609643
609622
609622
609611
609570
609522
609498
609492
609483
609438
609419
609397
609383
609358
609341
609331
609330
609328
609327
609325
609305
609286
609279
609273
609272
609259
609228
609214
609206
609203
609194
609188
609180
609168
609160
609142
609136
609113
609113
609112
609083
609066
609063
609054
609048
608962
608917
608877
608874
608820
608801
608769
608739
608716
608708
608696
608679
608657
608649
608594
608563
608553
608508
608491
608438
608376
608373
608365
608329
608293
608282
608273
608254
608221
608185
608183
608172
608171
608142
608084
608073
608043
608032
607995
607980
607959
607923
607922
607922
607906
607890
607885
607866
607831
607803
607800
607789
607771
607756
607719
607698
607695
607631
607617
607606
607526
607502
607493
607475
607434
607386
607376
607372
607359
607321
607315
607310
607305
607294
607271
607238
607234
607207
607200
607176
607169
607165
607161
607153
607141
607126
607103
607074
607068
607062
607030
607028
607020
606989
606959
606941
606911
606908
606903
606897
606897
606883
606859
606770
606710
606697
606688
606686
606650
606628
606590
606576
606558
606557
606529
606463
606436
606433
606419
606386
606385
606372
606363
606316
606304
606283
606258
606245
606217
606206
606186
606126
606123
606021
605986
605972
605926
605926
605902
605902
605846
605832
605808
605804
605801
605801
605714
605692
605673
605671
605671
605667
605662
605659
605635
605627
605626
605614
605610
605609
605569
605556
605544
605541
605518
605509
605490
605487
605480
605476
605454
605445
605407
605395
605375
605368
605355
605355
605355
605344
605335
605316
605279
605277
605253
605245
605223
605180
605164
605163
605161
605142
605133
605123
605088
605055
605049
605036
605027
605024
604954
604921
604917
604912
604910
604909
604892
604889
604887
604887
604884
604879
604854
604850
604841
604839
604838
604836
604833
604805
604800
604790
604766
604765
604729
604717
604715
604669
604663
604632
604611
604610
604577
604576
604564
604552
604538
604507
604507
604496
604478
604456
604434
604423
604413
604396
604344
604315
604280
604252
604239
604225
604158
604100
604089
604067
604056
604046
604003
603976
603958
603922
603897
603888
603864
603863
603837
603833
603832
603805
603795
603781
603760
603753
603732
603726
603713
603708
603700
603691
603668
603655
603618
603557
603551
603538
603499
603492
603477
603436
603427
603424
603417
603413
603370
603325
603319
603315
603306
603236
603212
603186
603165
603126
603103
603091
603084
603062
603017
602980
602977
602961
602954
602951
602941
602920
602894
602856
602848
602846
602824
602816
602789
602767
602715
602707
602682
602668
602646
602634
602619
602590
602587
602586
602576
602479
602474
602450
602420
602405
602376
602330
602269
602232
602219
602216
602198
602188
602183
602182
602144
602138
602118
602100
602043
602041
602016
601972
601953
601947
601925
601906
601906
601881
601858
601841
601837
601826
601787
601741
601718
601705
601640
601620
601619
601555
601531
601520
601504
601484
601480
601456
601422
601410
601356
601346
601321
601319
601304
601287
601281
601280
601271
601188
601162
601141
601130
601120
601100
601083
601064
601044
601041
601011
600996
600976
600958
600946
600916
600888
600872
600783
600771
600770
600769
600752
600741
600736
600725
600716
600698
600694
600647
600621
600616
600571
600557
600552
600551
600539
600534
600520
600499
600487
600470
600461
600451
600437
600435
600433
600382
600373
600350
600324
600285
600238
600235
600228
600197
600194
600190
600175
600169
600168
600160
600152
600109
600102
600060
600039
600034
599991
599898
599858
599837
599820
599774
599774
599718
599714
599707
599672
599666
599578
599564
599541
599529
599492
599489
599480
599471
599442
599430
599428
599401
599394
599379
599379
599362
599354
599337
599326
599325
599324
599306
599274
599246
599228
599206
599189
599188
599119
599099
599084
599078
599056
599033
599018
599006
598998
598911
598899
598832
598824
598790
598788
598749
598723
598715
598708
598664
598663
598648
598621
598618
598605
598545
598526
598519
598516
598461
598442
598408
598399
598384
598371
598366
598334
598323
598287
598279
598190
598181
598142
598133
598118
598076
598056
598022
598018
597978
597974
597919
597915
597866
597850
597815
597815
597738
597716
597680
597655
597629
597604
597599
597562
597551
597535
597535
597488
597460
597457
597392
597377
597366
597346
597297
597252
597250
597236
597233
597219
597218
597218
597208
597166
597145
597099
597095
597087
597071
596992
596973
596972
596959
596941
596934
596884
596844
596784
596780
596761
596757
596745
596736
596699
596647
596641
596612
596609
596562
596550
596522
596495
596494
596490
596474
596449
596436
596430
596418
596413
596399
596373
596342
596314
596310
596203
596189
596172
596157
596156
596149
596146
596116
596114
596105
596104
596078
596068
596036
596018
596009
596009
596005
596000
595995
595984
595984
595934
595932
595914
595898
595892
595878
595875
595857
595849
595787
595773
595769
595763
595759
595747
595720
595704
595703
595702
595698
595680
595657
595622
595621
595594
595589
595533
595486
595445
595425
595415
595406
595406
595393
595356
595343
595317
595310
595302
595289
595250
595243
595233
595223
595195
595194
595188
595171
595167
595165
595144
595144
595142
595141
595140
595101
595059
595041
595024
594906
594885
594883
594843
594839
594837
594816
594786
594767
594765
594718
594696
594693
594670
594665
594650
594645
594637
594631
594626
594611
594595
594574
594554
594519
594509
594489
594454
594437
594424
594424
594408
594353
594344
594281
594274
594261
594225
594224
594179
594159
594144
594141
594109
594084
594083
594076
594071
594067
594032
594026
593998
593996
593918
593870
593846
593827
593818
593798
593791
593750
593734
593696
593683
593663
593663
593629
593622
593618
593613
593564
593528
593499
593496
593488
593423
593380
593352
593331
593249
593236
593230
593190
593188
593149
593148
593136
593106
593096
593076
593069
593063
593017
593013
592991
592985
592969
592967
592939
592906
592875
592858
592843
592804
592778
592768
592736
592730
592724
592689
592681
592662
592661
592660
592653
592594
592594
592569
592553
592545
592536
592519
592486
592476
592470
592470
592464
592463
592462
592450
592450
592446
592443
592436
592421
592418
592384
592381
592317
592313
592308
592294
592278
592259
592206
592186
592168
592141
592125
592114
592112
592099
592092
592087
592082
592073
592047
592031
592024
592015
591989
591960
591893
591878
591836
591824
591820
591812
591807
591770
591745
591724
591722
591720
591658
591628
591615
591598
591595
591570
591561
591558
591548
591542
591533
591530
591530
591510
591507
591492
591482
591478
591449
591418
591408
591361
591357
591341
591315
591310
591294
591290
591287
591272
591251
591249
591241
591235
591234
591232
591205
591204
591188
591166
591156
591151
591138
591126
591115
591103
591099
591091
591058
591055
591041
590997
590992
590983
590981
590976
590966
590960
590952
590939
590906
590873
590870
590844
590814
590795
590790
590789
590785
590780
590780
590759
590745
590722
590720
590720
590718
590708
590700
590632
590628
590599
590596
590572
590564
590561
590550
590509
590505
590478
590445
590426
590406
590400
590393
590369
590355
590335
590313
590306
590288
590273
590263
590229
590191
590159
590132
590117
590059
590046
590032
590005
590001
589972
589956
589926
589887
589882
589866
589801
589788
589736
589720
589690
589683
589658
589644
589601
589578
589557
589525
589429
589416
589400
589368
589341
589339
589329
589307
589294
589288
589286
589267
589258
589250
589235
589232
589230
589228
589220
589215
589212
589199
589195
589187
589180
589151
589151
589133
589120
589101
589084
589075
589062
589053
589037
588962
588938
588917
588901
588896
588878
588873
588828
588819
588810
588799
588792
588778
588778
588760
588734
588714
588695
588674
588666
588663
588652
588646
588644
588630
588620
588616
588612
588602
588574
588560
588520
588518
588476
588465
588463
588460
588451
588434
588431
588421
588420
588416
588414
588402
588397
588377
588366
588362
588356
588344
588343
588321
588286
588278
588269
588262
588250
588249
588238
588232
588224
588222
588218
588198
588186
588177
588171
588158
588143
588133
588124
588088
588068
588063
588057
588045
588042
588004
588000
587991
587984
587983
587975
587968
587960
587958
587944
587938
587923
587922
587885
587845
587841
587827
587821
587816
587808
587805
587799
587753
587718
587715
587697
587687
587685
587669
587645
587619
587609
587606
587600
587580
587561
587548
587542
587527
587522
587486
587482
587478
587477
587457
587446
587439
587419
587387
587344
587326
587324
587321
587316
587306
587296
587272
587238
587236
587222
587221
587212
587182
587180
587160
587158
587148
587148
587139
587045
587043
587029
587017
587010
587008
587006
586994
586991
586990
586985
586984
586959
586948
586926
586922
586903
586898
586893
586866
586860
586857
586850
586840
586825
586810
586808
586785
586785
586767
586767
586746
586746
586737
586724
586712
586709
586696
586681
586624
586603
586574
586566
586566
586564
586560
586524
586506
586489
586488
586453
586453
586427
586422
586421
586385
586385
586374
586359
586356
586354
586350
586349
586300
586231
586231
586229
586166
586130
586116
586098
586078
586076
586063
586062
586042
586042
586030
586027
586010
585996
585984
585930
585892
585887
585884
585845
585842
585834
585811
585805
585801
585778
585764
585759
585753
585749
585745
585734
585699
585672
585646
585625
585602
585574
585561
585542
585531
585531
585516
585505
585476
585453
585436
585340
585335
585334
585314
585307
585290
585275
585258
585254
585252
585251
585239
585239
585238
585225
585207
585205
585196
585187
585185
585183
585174
585169
585156
585152
585142
585103
585080
585059
585058
585052
585045
585022
585009
584998
584988
584987
584984
584983
584975
584967
584961
584960
584955
584953
584950
584948
584943
584936
584924
584916
584902
584899
584892
584886
584849
584803
584781
584763
584753
584715
584693
584674
584657
584657
584621
584597
584573
584569
584560
584555
584546
584536
584496
584493
584484
584474
584422
584402
584358
584358
584318
584282
584264
584244
584236
584187
584180
584174
584158
584147
584103
584102
584095
584092
584090
584048
584040
584037
584015
583993
583968
583954
583948
583938
583922
583921
583892
583864
583861
583848
583833
583831
583804
583803
583759
583730
583728
583710
583662
583654
583646
583603
583591
583577
583545
583518
583493
583448
583431
583430
583413
583408
583404
583386
583378
583377
583372
583351
583340
583290
583242
583217
583205
583187
583183
583170
583147
583127
583086
583060
583045
583043
583022
583016
582980
582974
582930
582917
582816
582787
582760
582744
582705
582687
582675
582662
582648
582641
582637
582629
582593
582564
582551
582506
582499
582470
582462
582422
582412
582397
582386
582322
582257
582248
582232
582214
582168
582146
582105
582090
582066
582011
581998
581977
581963
581950
581922
581896
581875
581859
581853
581842
581837
581817
581771
581761
581726
581665
581634
581625
581622
581616
581602
581547
581543
581478
581459
581409
581367
581361
581356
581294
581222
581221
581215
581140
581104
581103
581027
580992
580943
580912
580841
580812
580811
580792
580783
580779
580778
580776
580756
580747
580739
580739
580732
580716
580715
580701
580685
580672
580622
580614
580597
580593
580586
580527
580508
580489
580483
580480
580472
580469
580397
580393
580363
580294
580267
580258
580244
580210
580205
580181
580160
580140
580133
580108
580088
580065
580053
580034
580008
580002
579989
579964
579952
579945
579917
579859
579831
579800
579787
579771
579758
579753
579750
579743
579705
579672
579624
579612
579589
579588
579573
579564
579560
579558
579543
579525
579523
579515
579497
579457
579409
579409
579408
579391
579379
579371
579334
579307
579299
579276
579249
579225
579221
579214
579213
579205
579193
579189
579168
579159
579158
579138
579138
578987
578982
578964
578963
578952
578922
578912
578860
578811
578804
578765
578756
578709
578695
578665
578630
578620
578598
578557
578550
578532
578495
578461
578431
578419
578396
578386
578373
578345
578336
578280
578262
578204
578200
578196
578165
578141
578123
578120
578104
578092
578054
578049
578029
578007
578004
578003
578000
577998
577957
577953
577950
577924
577895
577862
577858
577832
577814
577781
577771
577759
577756
577735
577730
577724
577722
577639
577597
577574
577532
577520
577512
577511
577436
577355
577352
577307
577237
577230
577220
577218
577164
577121
577113
577093
577087
577078
577031
577016
576980
576980
576944
576903
576881
576853
576814
576753
576745
576742
576726
576683
576640
576628
576577
576566
576514
576481
576460
576449
576448
576440
576401
576385
576334
576334
576326
576322
576278
576267
576193
576193
576162
576152
576148
576139
576118
576096
576027
575991
575981
575975
575971
575968
575942
575928
575912
575900
575863
575848
575831
575804
575804
575800
575792
575782
575741
575698
575698
575646
575634
575581
575571
575560
575559
575554
575551
575512
575463
575434
575410
575410
575376
575354
575347
575341
575329
575328
575327
575323
575313
575310
575294
575294
575222
575183
575146
575142
575134
575133
575100
575086
575062
575046
575019
575018
575004
574968
574946
574944
574888
574877
574867
574862
574846
574838
574835
574800
574791
574783
574747
574698
574690
574684
574682
574680
574673
574665
574642
574638
574635
574622
574607
574607
574577
574562
574559
574538
574531
574526
574508
574480
574473
574402
574397
574388
574365
574316
574311
574291
574263
574227
574212
574178
574168
574167
574166
574152
574149
574146
574073
574048
574019
574011
573996
573981
573923
573909
573901
573898
573843
573805
573773
573762
573729
573726
573707
573680
573664
573658
573613
573596
573534
573489
573479
573467
573433
573402
573377
573333
573299
573232
573212
573208
573195
573166
573138
573121
573098
573081
573070
573061
573055
573046
573044
573030
573024
573006
572998
572961
572949
572936
572927
572919
572912
572901
572900
572893
572872
572848
572846
572838
572836
572808
572792
572791
572775
572772
572758
572754
572733
572724
572714
572697
572655
572642
572638
572637
572601
572601
572568
572559
572534
572527
572524
572522
572504
572488
572484
572480
572470
572459
572441
572422
572399
572390
572386
572384
572376
572345
572331
572320
572315
572314
572310
572302
572301
572299
572292
572289
572268
572264
572250
572218
572210
572204
572168
572167
572156
572152
572097
572090
572086
572076
572049
572040
572027
571993
571989
571985
571966
571965
571947
571924
571921
571917
571909
571889
571880
571763
571738
571720
571718
571713
571709
571696
571669
571648
571632
571627
571591
571513
571506
571481
571465
571437
571413
571398
571388
571341
571303
571296
571273
571251
571212
571196
571145
571138
571129
571113
571086
571070
571019
571008
570971
570907
570874
570857
570852
570831
570784
570781
570775
570763
570729
570726
570660
570654
570638
570635
570632
570617
570612
570603
570573
570569
570558
570515
570502
570467
570454
570437
570418
570410
570394
570369
570324
570302
570292
570280
570258
570257
570227
570223
570219
570186
570185
570173
570168
570106
570071
570048
570039
570007
569933
569914
569886
569868
569849
569800
569794
569697
569684
569679
569667
569661
569641
569617
569606
569567
569550
569548
569524
569454
569443
569428
569401
569392
569379
569352
569352
569341
569326
569317
569312
569290
569258
569253
569226
569197
569175
569173
569141
569136
569132
569127
569117
569074
569065
569046
569000
568967
568917
568880
568748
568738
568714
568691
568682
568659
568658
568625
568597
568588
568587
568586
568556
568549
568536
568526
568494
568483
568478
568421
568417
568405
568401
568401
568349
568341
568333
568315
568314
568312
568290
568283
568252
568234
568230
568218
568215
568210
568209
568186
568183
568164
568160
568144
568131
568127
568110
568064
568046
568035
568006
568002
567975
567974
567956
567947
567939
567916
567915
567890
567880
567822
567805
567786
567785
567766
567756
567736
567725
567725
567695
567688
567676
567673
567653
567646
567630
567615
567601
567596
567554
567553
567548
567508
567446
567432
567424
567395
567386
567379
567379
567351
567348
567334
567313
567286
567284
567260
567258
567200
567200
567169
567151
567132
567117
567116
567110
567075
567064
567057
567054
567028
567028
567028
567004
567002
566987
566958
566956
566944
566929
566890
566873
566848
566844
566842
566830
566814
566813
566810
566799
566769
566760
566758
566717
566713
566709
566699
566698
566675
566663
566662
566633
566612
566558
566549
566540
566467
566441
566434
566426
566343
566340
566333
566287
566282
566265
566258
566210
566209
566197
566191
566160
566128
566108
566098
566078
566033
566024
565982
565960
565938
565892
565849
565847
565835
565793
565776
565751
565738
565721
565692
565641
565632
565596
565568
565562
565488
565487
565429
565419
565394
565331
565315
565305
565300
565277
565219
565198
565183
565170
565159
565146
565083
565060
565007
565003
564941
564908
564803
564787
564746
564730
564690
564677
564632
564613
564612
564581
564567
564558
564496
564472
564453
564394
564388
564371
564369
564340
564309
564305
564238
564211
564194
564186
564149
564137
564106
564087
564052
563987
563979
563968
563963
563914
563902
563900
563893
563841
563790
563784
563751
563749
563742
563733
563726
563693
563692
563676
563658
563657
563650
563613
563613
563603
563582
563566
563565
563564
563533
563492
563460
563449
563435
563416
563401
563398
563369
563361
563357
563327
563315
563309
563308
563307
563301
563266
563261
563251
563190
563177
563174
563167
563150
563138
563115
563111
563075
563073
563066
563058
563054
563034
563033
563032
563017
563000
562973
562965
562959
562933
562924
562854
562843
562840
562807
562807
562781
562779
562771
562760
562752
562720
562695
562694
562684
562678
562676
562638
562623
562622
562597
562570
562559
562551
562547
562544
562495
562480
562432
562424
562412
562405
562378
562348
562318
562232
562227
562199
562188
562152
562104
562067
562028
562010
561990
561980
561979
561915
561910
561907
561859
561803
561785
561779
561763
561742
561722
561661
561642
561642
561631
561582
561571
561569
561560
561555
561552
561542
561541
561524
561517
561509
561506
561492
561490
561469
561463
561460
561450
561438
561428
561427
561411
561379
561346
561340
561340
561319
561312
561288
561225
561202
561176
561165
561140
561129
561103
561098
561097
561086
561076
561070
561028
561023
560975
560922
560908
560896
560885
560874
560871
560832
560763
560732
560711
560702
560658
560637
560625
560619
560609
560591
560567
560554
560548
560526
560526
560500
560491
560476
560457
560430
560426
560378
560348
560334
560272
560267
560243
560205
560199
560198
560194
560186
560144
560137
560123
560118
560116
560094
560084
560061
560056
560031
559990
559987
559961
559936
559917
559911
559893
559893
559859
559827
559826
559826
559752
559750
559636
559636
559593
559587
559582
559576
559504
559465
559448
559434
559432
559418
559354
559329
559325
559316
559311
559289
559289
559240
559238
559238
559235
559231
559219
559193
559190
559187
559185
559167
559161
559161
559158
559156
559150
559141
559139
559122
559113
559111
559083
559083
559062
559051
559043
559035
559035
559024
559024
559018
558985
558980
558975
558961
558955
558953
558952
558944
558918
558910
558903
558892
558891
558890
558882
558858
558848
558847
558841
558840
558838
558834
558808
558795
558785
558767
558767
558763
558751
558746
558741
558732
558701
558691
558679
558650
558648
558643
558632
558544
558530
558528
558519
558500
558486
558486
558484
558476
558457
558437
558436
558426
558423
558399
558398
558394
558381
558363
558362
558346
558307
558302
558295
558280
558272
558252
558244
558240
558218
558204
558179
558164
558162
558145
558129
558122
558121
558076
558051
557976
557966
557900
557899
557873
557869
557837
557798
557791
557788
557769
557749
557721
557705
557698
557679
557677
557638
557506
557461
557448
557430
557429
557423
557403
557398
557333
557318
557315
557290
557219
557217
557215
557206
557199
557170
557164
557130
557119
557080
557079
557030
556953
556951
556946
556933
556922
556919
556898
556890
556876
556842
556808
556768
556747
556739
556736
556735
556720
556696
556682
556658
556640
556619
556616
556585
556558
556552
556528
556523
556489
556437
556432
556423
556419
556396
556364
556302
556289
556282
556282
556265
556249
556246
556224
556218
556215
556188
556185
556155
556147
556122
556120
556107
556100
556100
556095
556049
556048
556009
556005
556004
555988
555970
555937
555937
555928
555920
555915
555915
555891
555862
555861
555855
555836
555821
555803
555797
555783
555770
555767
555737
555735
555723
555714
555695
555674
555623
555616
555608
555594
555569
555555
555555
555533
555533
555531
555502
555497
555462
555436
555426
555402
555399
555388
555355
555343
555302
555294
555289
555284
555280
555249
555247
555240
555208
555174
555169
555162
555140
555137
555125
555103
555085
555078
555065
555051
555041
554963
554950
554921
554909
554901
554879
554878
554877
554866
554852
554818
554805
554798
554792
554784
554780
554761
554715
554692
554654
554653
554640
554637
554625
554623
554616
554566
554546
554539
554529
554516
554471
554460
554451
554449
554438
554425
554424
554416
554411
554402
554372
554362
554354
554329
554327
554315
554269
554254
554216
554199
554197
554182
554174
554158
554148
554122
554092
554029
554022
553976
553954
553871
553846
553810
553776
553769
553762
553755
553753
553747
553705
553668
553665
553661
553625
553581
553580
553550
553536
553470
553464
553445
553408
553405
553389
553383
553368
553362
553357
553343
553335
553330
553285
553273
553270
553260
553214
553175
553172
553157
553108
553094
553092
553078
553074
553071
553065
553055
553054
553049
553046
553033
552997
552981
552969
552944
552936
552905
552904
552899
552889
552874
552864
552856
552847
552841
552818
552809
552808
552744
552743
552696
552683
552624
552579
552577
552575
552559
552542
552500
552486
552467
552435
552414
552409
552369
552335
552329
552322
552307
552273
552270
552265
552262
552229
552216
552215
552206
552175
552132
552132
552129
552119
552102
552059
552050
552036
552000
551979
551960
551954
551952
551950
551907
551899
551888
551860
551855
551795
551778
551721
551712
551695
551657
551648
551614
551557
551550
551516
551514
551508
551498
551461
551451
551445
551391
551378
551338
551338
551293
551284
551252
551228
551185
551170
551143
551141
551131
551127
551108
551098
551088
551018
551008
551006
550990
550990
550988
550980
550974
550972
550962
550947
550929
550882
550852
550841
550836
550832
550832
550772
550760
550739
550737
550716
550680
550625
550617
550603
550599
550586
550585
550580
550564
550550
550522
550504
550499
550482
550471
550461
550460
550450
550448
550441
550440
550421
550420
550416
550416
550414
550407
550394
550372
550369
550362
550336
550330
550316
550310
550291
550270
550250
550239
550235
550233
550232
550188
550176
550166
550156
550137
550134
550082
550074
550045
550039
550033
550005
550004
550002
549985
549969
549960
549938
549932
549929
549926
549910
549858
549818
549806
549795
549788
549765
549729
549719
549681
549674
549662
549657
549638
549626
549614
549574
549568
549548
549544
549533
549508
549485
549464
549462
549460
549418
549416
549360
549359
549339
549326
549325
549317
549310
549280
549252
549250
549249
549240
549211
549193
549184
549174
549170
549102
549091
549084
549061
549055
549041
549029
549026
549020
548991
548979
548945
548926
548880
548871
548871
548852
548839
548839
548820
548816
548813
548803
548732
548688
548662
548649
548608
548595
548580
548544
548529
548506
548461
548449
548444
548389
548384
548354
548315
548277
548259
548257
548251
548237
548232
548220
548210
548186
548170
548144
548139
548134
548129
548102
548099
548088
548075
548026
547963
547932
547931
547899
547885
547869
547820
547768
547740
547733
547716
547712
547706
547687
547658
547656
547652
547646
547632
547624
547614
547603
547596
547577
547570
547558
547507
547487
547458
547426
547414
547409
547406
547399
547376
547363
547346
547343
547307
547290
547262
547230
547211
547186
547150
547150
547128
547043
547041
547025
547007
546989
546953
546942
546935
546934
546922
546914
546898
546879
546848
546805
546800
546796
546783
546752
546744
546684
546655
546638
546636
546631
546620
546613
546609
546589
546556
546548
546540
546540
546520
546519
546513
546510
546487
546484
546482
546479
546466
546450
546438
546433
546414
546410
546402
546400
546374
546336
546297
546295
546278
546271
546269
546269
546266
546264
546243
546235
546225
546208
546196
546190
546179
546157
546152
546133
546107
546045
546044
546021
546003
545988
545976
545944
545928
545903
545897
545860
545857
545831
545828
545809
545805
545804
545766
545764
545761
545738
545713
545681
545674
545639
545579
545552
545518
545404
545363
545299
545276
545244
545244
545234
545198
545173
545167
545167
545156
545154
545136
545115
545108
545092
545066
545059
545036
545010
545005
544999
544999
544991
544990
544990
544987
544970
544961
544955
544938
544936
544928
544920
544905
544896
544884
544883
544883
544874
544869
544864
544848
544840
544808
544764
544737
544716
544707
544691
544676
544672
544649
544648
544635
544623
544622
544618
544591
544586
544565
544552
544541
544498
544480
544476
544450
544416
544404
544396
544346
544339
544293
544279
544251
544213
544181
544165
544102
544068
544064
544053
544021
544020
543992
543951
543915
543893
543887
543869
543843
543843
543839
543826
543789
543764
543751
543677
543660
543620
543614
543606
543581
543555
543550
543547
543544
543514
543512
543497
543467
543455
543446
543418
543417
543390
543377
543336
543327
543315
543284
543282
543265
543254
543242
543229
543227
543213
543180
543148
543136
543135
543128
543073
543021
543017
543009
542988
542978
542978
542969
542953
542945
542932
542924
542904
542850
542847
542797
542765
542753
542729
542707
542679
542652
542650
542648
542619
542610
542593
542577
542528
542496
542406
542359
542358
542305
542296
542263
542221
542200
542191
542144
542143
542140
542085
542069
542037
542035
541972
541932
541930
541913
541909
541882
541872
541863
541820
541786
541764
541751
541718
541707
541678
541634
541626
541617
541583
541582
541552
541543
541537
541513
541511
541510
541509
541487
541460
541451
541414
541398
541392
541391
541384
541380
541374
541352
541341
541319
541287
541286
541282
541274
541265
541218
541200
541192
541176
541159
541151
541150
541146
541138
541135
541134
541122
541118
541101
541063
541035
541019
540997
540969
540940
540922
540908
540886
540879
540863
540847
540841
540828
540823
540801
540778
540755
540719
540715
540700
540678
540671
540636
540620
540615
540532
540507
540481
540441
540437
540436
540432
540351
540347
540312
540284
540245
540236
540224
540221
540149
540142
540116
540110
540105
540103
540078
540075
540067
540025
540024
539950
539931
539916
539911
539881
539848
539817
539811
539805
539790
539774
539714
539669
539655
539640
539614
539575
539547
539539
539528
539502
539495
539494
539475
539451
539374
539360
539349
539337
539333
539325
539321
539314
539312
539299
539298
539279
539275
539242
539218
539217
539214
539214
539209
539194
539185
539181
539177
539165
539164
539158
539136
539134
539128
539124
539117
539094
539083
539076
539055
539052
539046
539036
539034
539018
539011
538994
538993
538987
538982
538967
538967
538961
538958
538952
538946
538941
538929
538928
538918
538916
538896
538894
538892
538880
538870
538855
538837
538824
538808
538802
538801
538783
538755
538727
538722
538675
538624
538602
538595
538590
538578
538573
538567
538560
538552
538545
538538
538528
538526
538522
538510
538503
538472
538448
538445
538425
538401
538400
538400
538378
538377
538364
538357
538355
538352
538340
538338
538320
538301
538259
538257
538243
538240
538214
538213
538192
538185
538177
538161
538152
538134
538101
538084
538076
538053
538040
538006
537967
537952
537910
537907
537895
537878
537878
537877
537865
537816
537797
537783
537774
537770
537744
537711
537682
537664
537639
537608
537574
537561
537555
537553
537546
537530
537526
537523
537502
537495
537483
537479
537427
537401
537398
537394
537378
537365
537362
537321
537308
537295
537279
537276
537234
537227
537214
537209
537208
537206
537203
537182
537178
537163
537143
537143
537140
537128
537126
537080
537065
537065
537053
537032
537020
537010
536975
536938
536937
536931
536927
536914
536902
536893
536886
536883
536847
536778
536776
536775
536740
536687
536614
536592
536592
536592
536585
536565
536564
536563
536558
536552
536540
536510
536506
536491
536491
536472
536454
536453
536453
536429
536419
536402
536401
536355
536338
536301
536278
536268
536267
536245
536209
536207
536189
536185
536179
536165
536164
536163
536158
536143
536117
536103
536099
536081
536070
536068
536057
536051
536037
536026
536016
535999
535980
535957
535955
535873
535792
535791
535772
535767
535719
535715
535709
535691
535681
535666
535592
535583
535565
535539
535537
535521
535496
535495
535488
535486
535475
535469
535455
535440
535436
535401
535397
535383
535364
535337
535327
535313
535301
535293
535273
535270
535254
535216
535213
535208
535192
535145
535143
535116
535095
535088
535082
535078
535062
535007
534976
534945
534917
534893
534872
534859
534848
534847
534842
534819
534802
534761
534746
534744
534734
534729
534722
534703
534701
534673
534670
534659
534632
534606
534604
534588
534585
534560
534547
534536
534523
534522
534518
534498
534488
534482
534462
534443
534440
534440
534426
534416
534376
534366
534349
534319
534303
534262
534237
534172
534156
534149
534099
534099
534076
534071
534067
534053
534039
534007
534005
534002
533987
533982
533976
533930
533905
533897
533888
533886
533878
533865
533850
533848
533847
533830
533819
533766
533736
533693
533665
533664
533609
533592
533552
533507
533457
533449
533402
533394
533335
533315
533304
533298
533296
533290
533287
533262
533259
533248
533214
533211
533208
533191
533186
533105
533104
533095
533090
533070
533048
533047
533044
533039
533029
533003
532981
532980
532973
532969
532963
532953
532930
532918
532898
532892
532863
532862
532861
532859
532839
532835
532831
532822
532804
532800
532790
532760
532756
532742
532739
532722
532719
532719
532694
532675
532634
532633
532620
532615
532604
532587
532586
532535
532526
532510
532478
532444
532444
532443
532412
532408
532387
532355
532344
532335
532300
532278
532278
532278
532277
532269
532259
532223
532211
532205
532200
532192
532159
532154
532151
532142
532137
532124
532072
532068
532054
532043
532039
532039
532037
532029
532026
532007
532007
532000
531987
531980
531976
531971
531964
531945
531943
531930
531922
531919
531918
531915
531896
531866
531859
531844
531828
531794
531785
531777
531773
531762
