2.0531e+06
2.05309e+06
2.053e+06
2.05295e+06
2.05291e+06
2.05288e+06
2.05286e+06
2.05285e+06
2.05284e+06
2.05256e+06
2.05231e+06
2.05214e+06
2.05212e+06
2.0521e+06
2.05183e+06
2.05171e+06
2.05159e+06
2.05127e+06
2.05108e+06
2.05087e+06
2.05063e+06
2.05055e+06
2.05047e+06
2.05046e+06
2.05043e+06
2.05028e+06
2.05014e+06
2.05014e+06
2.05011e+06
2.05006e+06
2.04999e+06
2.0499e+06
2.04986e+06
2.04982e+06
2.04981e+06
2.0498e+06
2.04977e+06
2.04965e+06
2.04949e+06
2.04947e+06
2.04941e+06
2.04938e+06
2.04933e+06
2.04931e+06
2.04929e+06
2.04929e+06
2.04924e+06
2.0492e+06
2.04916e+06
2.04912e+06
2.04907e+06
2.04905e+06
2.049e+06
2.04897e+06
2.04896e+06
2.04895e+06
2.04894e+06
2.04894e+06
2.04893e+06
2.04892e+06
2.04891e+06
2.04891e+06
2.0489e+06
2.04887e+06
2.04882e+06
2.04878e+06
2.04873e+06
2.04873e+06
2.04873e+06
2.04865e+06
2.04862e+06
2.04845e+06
2.04843e+06
2.04838e+06
2.04833e+06
2.04803e+06
2.04791e+06
2.04777e+06
2.0474e+06
2.04726e+06
2.04726e+06
2.04713e+06
2.04697e+06
2.04663e+06
2.04659e+06
2.04655e+06
2.04653e+06
2.04624e+06
2.04617e+06
2.04615e+06
2.04613e+06
2.04604e+06
2.046e+06
2.04599e+06
2.04595e+06
2.04591e+06
2.04586e+06
2.04581e+06
2.04575e+06
2.04572e+06
2.04546e+06
2.04524e+06
2.04517e+06
2.04517e+06
2.04511e+06
2.04508e+06
2.04505e+06
2.045e+06
2.04499e+06
2.04495e+06
2.04493e+06
2.04482e+06
2.0448e+06
2.04478e+06
2.04477e+06
2.04476e+06
2.04471e+06
2.0447e+06
2.04459e+06
2.04455e+06
2.04446e+06
2.04446e+06
2.04432e+06
2.04426e+06
2.0442e+06
2.04416e+06
2.04409e+06
2.04373e+06
2.04372e+06
2.04372e+06
2.04371e+06
2.04367e+06
2.04367e+06
2.04362e+06
2.04353e+06
2.04348e+06
2.04339e+06
2.0433e+06
2.04323e+06
2.04316e+06
2.04314e+06
2.04306e+06
2.04305e+06
2.04303e+06
2.04301e+06
2.04276e+06
2.04274e+06
2.04272e+06
2.04268e+06
2.04266e+06
2.04265e+06
2.04251e+06
2.04243e+06
2.04241e+06
2.04236e+06
2.04227e+06
2.04225e+06
2.04216e+06
2.04206e+06
2.04203e+06
2.04184e+06
2.0418e+06
2.04171e+06
2.04164e+06
2.04155e+06
2.04155e+06
2.0415e+06
2.04148e+06
2.04146e+06
2.04143e+06
2.04141e+06
2.0414e+06
2.04134e+06
2.0413e+06
2.04126e+06
2.04126e+06
2.04124e+06
2.04112e+06
2.04108e+06
2.04105e+06
2.04093e+06
2.04092e+06
2.04081e+06
2.0408e+06
2.04077e+06
2.04065e+06
2.04064e+06
2.0406e+06
2.04055e+06
2.04053e+06
2.04048e+06
2.04047e+06
2.04043e+06
2.04041e+06
2.04033e+06
2.04029e+06
2.04018e+06
2.04015e+06
2.04009e+06
2.04002e+06
2.03997e+06
2.03992e+06
2.03981e+06
2.03973e+06
2.03967e+06
2.03966e+06
2.03965e+06
2.03956e+06
2.03947e+06
2.03943e+06
2.03939e+06
2.03934e+06
2.03933e+06
2.03923e+06
2.03917e+06
2.03907e+06
2.03901e+06
2.03886e+06
2.03885e+06
2.03874e+06
2.0387e+06
2.03868e+06
2.03861e+06
2.03848e+06
2.03847e+06
2.03838e+06
2.03834e+06
2.03826e+06
2.03826e+06
2.03811e+06
2.03801e+06
2.03791e+06
2.03785e+06
2.03752e+06
2.03742e+06
2.03742e+06
2.03722e+06
2.03707e+06
2.03694e+06
2.0369e+06
2.03685e+06
2.03677e+06
2.03677e+06
2.03665e+06
2.03649e+06
2.03642e+06
2.03632e+06
2.03628e+06
2.03624e+06
2.03621e+06
2.036e+06
2.03594e+06
2.03589e+06
2.03587e+06
2.03578e+06
2.03556e+06
2.03555e+06
2.03554e+06
2.03539e+06
2.03539e+06
2.03528e+06
2.03525e+06
2.03519e+06
2.03512e+06
2.03508e+06
2.03501e+06
2.03489e+06
2.03484e+06
2.03479e+06
2.03473e+06
2.03467e+06
2.03461e+06
2.0346e+06
2.03458e+06
2.03456e+06
2.0343e+06
2.03414e+06
2.03407e+06
2.03389e+06
2.03375e+06
2.03354e+06
2.03349e+06
2.03347e+06
2.03345e+06
2.03332e+06
2.03314e+06
2.03265e+06
2.03263e+06
2.0325e+06
2.03249e+06
2.03244e+06
2.03243e+06
2.03209e+06
2.03207e+06
2.03205e+06
2.03179e+06
2.03177e+06
2.03177e+06
2.03176e+06
2.03139e+06
2.0313e+06
2.03128e+06
2.03116e+06
2.03114e+06
2.0311e+06
2.03106e+06
2.03088e+06
2.03086e+06
2.03079e+06
2.03074e+06
2.03062e+06
2.03035e+06
2.03035e+06
2.03028e+06
2.03026e+06
2.03024e+06
2.03024e+06
2.03022e+06
2.03021e+06
2.03018e+06
2.03014e+06
2.03011e+06
2.03007e+06
2.03005e+06
2.03002e+06
2.03001e+06
2.02985e+06
2.02979e+06
2.02951e+06
2.0295e+06
2.02945e+06
2.02941e+06
2.02922e+06
2.02905e+06
2.02895e+06
2.02887e+06
2.02876e+06
2.02856e+06
2.02854e+06
2.02851e+06
2.02848e+06
2.02827e+06
2.02813e+06
2.02805e+06
2.02801e+06
2.02799e+06
2.02776e+06
2.02769e+06
2.02743e+06
2.02742e+06
2.02716e+06
2.0271e+06
2.0271e+06
2.02704e+06
2.02678e+06
2.02672e+06
2.02666e+06
2.02662e+06
2.02658e+06
2.02649e+06
2.02628e+06
2.02625e+06
2.02624e+06
2.02613e+06
2.02611e+06
2.02606e+06
2.02595e+06
2.02586e+06
2.02586e+06
2.02572e+06
2.02565e+06
2.02564e+06
2.02553e+06
2.02552e+06
2.02538e+06
2.02521e+06
2.02519e+06
2.02517e+06
2.02509e+06
2.02507e+06
2.02501e+06
2.02486e+06
2.02476e+06
2.02471e+06
2.02461e+06
2.02459e+06
2.02455e+06
2.02454e+06
2.0244e+06
2.02436e+06
2.02432e+06
2.02431e+06
2.0243e+06
2.02429e+06
2.02428e+06
2.02424e+06
2.0242e+06
2.02407e+06
2.02407e+06
2.02393e+06
2.02386e+06
2.02384e+06
2.02382e+06
2.02382e+06
2.02381e+06
2.02375e+06
2.02375e+06
2.0237e+06
2.02368e+06
2.02364e+06
2.02362e+06
2.02359e+06
2.02351e+06
2.02347e+06
2.02337e+06
2.02334e+06
2.02333e+06
2.02327e+06
2.02322e+06
2.02316e+06
2.02306e+06
2.02297e+06
2.02292e+06
2.02289e+06
2.02273e+06
2.02272e+06
2.02269e+06
2.02258e+06
2.02258e+06
2.02247e+06
2.02242e+06
2.0224e+06
2.02239e+06
2.02234e+06
2.02233e+06
2.02225e+06
2.02223e+06
2.02208e+06
2.02201e+06
2.02185e+06
2.02181e+06
2.02176e+06
2.02176e+06
2.02175e+06
2.02169e+06
2.02157e+06
2.02152e+06
2.02147e+06
2.02147e+06
2.02144e+06
2.02138e+06
2.0213e+06
2.02128e+06
2.02124e+06
2.02123e+06
2.0212e+06
2.02116e+06
2.02106e+06
2.02104e+06
2.02101e+06
2.021e+06
2.02099e+06
2.0209e+06
2.02084e+06
2.02082e+06
2.02073e+06
2.02063e+06
2.0206e+06
2.0206e+06
2.02053e+06
2.02047e+06
2.02039e+06
2.02035e+06
2.02029e+06
2.02028e+06
2.02027e+06
2.02027e+06
2.02025e+06
2.02022e+06
2.02014e+06
2.02013e+06
2.02011e+06
2.02007e+06
2.02004e+06
2.01998e+06
2.01982e+06
2.01973e+06
2.01968e+06
2.01966e+06
2.01962e+06
2.01958e+06
2.01957e+06
2.01949e+06
2.01936e+06
2.01918e+06
2.01915e+06
2.01907e+06
2.019e+06
2.01897e+06
2.01894e+06
2.01887e+06
2.01885e+06
2.01879e+06
2.01873e+06
2.01861e+06
2.01852e+06
2.01851e+06
2.01846e+06
2.01842e+06
2.0184e+06
2.01839e+06
2.01833e+06
2.01823e+06
2.01817e+06
2.01814e+06
2.01811e+06
2.01805e+06
2.01797e+06
2.01784e+06
2.01783e+06
2.01781e+06
2.01777e+06
2.01777e+06
2.01771e+06
2.01768e+06
2.01765e+06
2.01762e+06
2.01752e+06
2.01748e+06
2.01745e+06
2.01744e+06
2.0174e+06
2.01737e+06
2.01736e+06
2.01729e+06
2.01729e+06
2.01726e+06
2.01713e+06
2.01706e+06
2.01702e+06
2.01692e+06
2.0169e+06
2.01681e+06
2.01666e+06
2.0166e+06
2.01657e+06
2.01656e+06
2.01643e+06
2.0164e+06
2.01635e+06
2.01634e+06
2.01632e+06
2.01627e+06
2.01603e+06
2.01589e+06
2.01587e+06
2.01581e+06
2.01574e+06
2.01574e+06
2.01565e+06
2.01557e+06
2.01553e+06
2.0155e+06
2.0155e+06
2.01547e+06
2.0154e+06
2.01536e+06
2.0153e+06
2.0151e+06
2.01505e+06
2.01496e+06
2.01479e+06
2.01463e+06
2.01462e+06
2.01428e+06
2.01417e+06
2.01405e+06
2.01398e+06
2.01398e+06
2.01391e+06
2.01391e+06
2.01388e+06
2.01385e+06
2.01384e+06
2.01383e+06
2.01378e+06
2.01378e+06
2.01377e+06
2.01376e+06
2.01373e+06
2.01371e+06
2.01361e+06
2.01359e+06
2.01356e+06
2.01354e+06
2.01349e+06
2.01348e+06
2.0133e+06
2.01327e+06
2.01315e+06
2.01314e+06
2.01313e+06
2.0131e+06
2.0131e+06
2.01307e+06
2.01304e+06
2.01304e+06
2.01302e+06
2.01301e+06
2.01295e+06
2.01288e+06
2.01287e+06
2.01286e+06
2.01284e+06
2.01274e+06
2.01271e+06
2.0127e+06
2.0127e+06
2.01266e+06
2.01264e+06
2.01263e+06
2.01263e+06
2.01261e+06
2.0126e+06
2.01253e+06
2.0125e+06
2.0125e+06
2.01237e+06
2.01236e+06
2.01232e+06
2.01226e+06
2.01225e+06
2.01222e+06
2.0122e+06
2.01217e+06
2.01214e+06
2.01213e+06
2.01209e+06
2.01206e+06
2.01206e+06
2.01205e+06
2.01203e+06
2.01201e+06
2.01195e+06
2.01189e+06
2.01188e+06
2.01185e+06
2.01183e+06
2.01182e+06
2.01181e+06
2.01178e+06
2.01177e+06
2.01175e+06
2.01166e+06
2.01163e+06
2.01152e+06
2.01151e+06
2.01146e+06
2.01144e+06
2.01144e+06
2.01143e+06
2.01133e+06
2.01133e+06
2.01127e+06
2.01126e+06
2.01121e+06
2.01116e+06
2.01109e+06
2.01104e+06
2.01102e+06
2.011e+06
2.01096e+06
2.01096e+06
2.01094e+06
2.01085e+06
2.01073e+06
2.01051e+06
2.01049e+06
2.01048e+06
2.01043e+06
2.0104e+06
2.0104e+06
2.01032e+06
2.01031e+06
2.01022e+06
2.0102e+06
2.01017e+06
2.01014e+06
2.01007e+06
2.01006e+06
2.01001e+06
2.00999e+06
2.00999e+06
2.00992e+06
2.0099e+06
2.00989e+06
2.00988e+06
2.00982e+06
2.0098e+06
2.00977e+06
2.00976e+06
2.0097e+06
2.0097e+06
2.00969e+06
2.00969e+06
2.00968e+06
2.00965e+06
2.00964e+06
2.00957e+06
2.00955e+06
2.00953e+06
2.0095e+06
2.00935e+06
2.00933e+06
2.00932e+06
2.0093e+06
2.00926e+06
2.00921e+06
2.00911e+06
2.00904e+06
2.009e+06
2.009e+06
2.00899e+06
2.00899e+06
2.00894e+06
2.00892e+06
2.00891e+06
2.00885e+06
2.00884e+06
2.00883e+06
2.00882e+06
2.0088e+06
2.00878e+06
2.00875e+06
2.00868e+06
2.00863e+06
2.00861e+06
2.00855e+06
2.00851e+06
2.00849e+06
2.00847e+06
2.00846e+06
2.00846e+06
2.00845e+06
2.00843e+06
2.00839e+06
2.00839e+06
2.00831e+06
2.00826e+06
2.00818e+06
2.00813e+06
2.00808e+06
2.00807e+06
2.00806e+06
2.00803e+06
2.00802e+06
2.00798e+06
2.00793e+06
2.00789e+06
2.0078e+06
2.0077e+06
2.00755e+06
2.00755e+06
2.00737e+06
2.00735e+06
2.00731e+06
2.0073e+06
2.00723e+06
2.00715e+06
2.00714e+06
2.00713e+06
2.00712e+06
2.00712e+06
2.00706e+06
2.00704e+06
2.00701e+06
2.00695e+06
2.00694e+06
2.00688e+06
2.00684e+06
2.00678e+06
2.00677e+06
2.00674e+06
2.00672e+06
2.00669e+06
2.00665e+06
2.00663e+06
2.00654e+06
2.00653e+06
2.00646e+06
2.00641e+06
2.00636e+06
2.00634e+06
2.0063e+06
2.0063e+06
2.00629e+06
2.00624e+06
2.00622e+06
2.00618e+06
2.00614e+06
2.00614e+06
2.0061e+06
2.00606e+06
2.00598e+06
2.00596e+06
2.00596e+06
2.00596e+06
2.00591e+06
2.00585e+06
2.00583e+06
2.00583e+06
2.00582e+06
2.00582e+06
2.0058e+06
2.00574e+06
2.00573e+06
2.00567e+06
2.00564e+06
2.00563e+06
2.00562e+06
2.00562e+06
2.00554e+06
2.00552e+06
2.0055e+06
2.00543e+06
2.00535e+06
2.00532e+06
2.00526e+06
2.00519e+06
2.00512e+06
2.00505e+06
2.00502e+06
2.00499e+06
2.00498e+06
2.00493e+06
2.00491e+06
2.00489e+06
2.00488e+06
2.00487e+06
2.00485e+06
2.00471e+06
2.00469e+06
2.00466e+06
2.00464e+06
2.00461e+06
2.00458e+06
2.00456e+06
2.00454e+06
2.00444e+06
2.00443e+06
2.00438e+06
2.00434e+06
2.00433e+06
2.00426e+06
2.00426e+06
2.00425e+06
2.00424e+06
2.00417e+06
2.00409e+06
2.00403e+06
2.00401e+06
2.00389e+06
2.00387e+06
2.00382e+06
2.00379e+06
2.00376e+06
2.00375e+06
2.00364e+06
2.00363e+06
2.00363e+06
2.0036e+06
2.00359e+06
2.00358e+06
2.00357e+06
2.00354e+06
2.00352e+06
2.00351e+06
2.00349e+06
2.00345e+06
2.00335e+06
2.0033e+06
2.00318e+06
2.00316e+06
2.00305e+06
2.0028e+06
2.00271e+06
2.00266e+06
2.0026e+06
2.00248e+06
2.00236e+06
2.0022e+06
2.00219e+06
2.00211e+06
2.00211e+06
2.00203e+06
2.00199e+06
2.00196e+06
2.00193e+06
2.00193e+06
2.00192e+06
2.00189e+06
2.00183e+06
2.00182e+06
2.00181e+06
2.00177e+06
2.00177e+06
2.00176e+06
2.00169e+06
2.00167e+06
2.00163e+06
2.00162e+06
2.00157e+06
2.00157e+06
2.00146e+06
2.00145e+06
2.00137e+06
2.00131e+06
2.00128e+06
2.00126e+06
2.00122e+06
2.00119e+06
2.00117e+06
2.00114e+06
2.00108e+06
2.00106e+06
2.00105e+06
2.00099e+06
2.00098e+06
2.00097e+06
2.00094e+06
2.00082e+06
2.0008e+06
2.00078e+06
2.00074e+06
2.00072e+06
2.00065e+06
2.00065e+06
2.00063e+06
2.0006e+06
2.00058e+06
2.00055e+06
2.00046e+06
2.00043e+06
2.00041e+06
2.00039e+06
2.00038e+06
2.00037e+06
2.00033e+06
2.00031e+06
2.00031e+06
2.0003e+06
2.00028e+06
2.00027e+06
2.00024e+06
2.00024e+06
2.00016e+06
2.00009e+06
2.00007e+06
2.00001e+06
1.99997e+06
1.9999e+06
1.99983e+06
1.99981e+06
1.9998e+06
1.99978e+06
1.99977e+06
1.99975e+06
1.99962e+06
1.99961e+06
1.99958e+06
1.99953e+06
1.99953e+06
1.9995e+06
1.99945e+06
1.99943e+06
1.99931e+06
1.99928e+06
1.99925e+06
1.99921e+06
1.99913e+06
1.99912e+06
1.99912e+06
1.99907e+06
1.99903e+06
1.99898e+06
1.99894e+06
1.99886e+06
1.99881e+06
1.99875e+06
1.99875e+06
1.99874e+06
1.99871e+06
1.9987e+06
1.99862e+06
1.9986e+06
1.99859e+06
1.99854e+06
1.99851e+06
1.99849e+06
1.99845e+06
1.99838e+06
1.99833e+06
1.99819e+06
1.99816e+06
1.99815e+06
1.99801e+06
1.99799e+06
1.99798e+06
1.99798e+06
1.99792e+06
1.99788e+06
1.99785e+06
1.99782e+06
1.99778e+06
1.99774e+06
1.99773e+06
1.99771e+06
1.99764e+06
1.99763e+06
1.99762e+06
1.99762e+06
1.99747e+06
1.99745e+06
1.99742e+06
1.9974e+06
1.99739e+06
1.99732e+06
1.99727e+06
1.99724e+06
1.99723e+06
1.99715e+06
1.997e+06
1.99695e+06
1.99682e+06
1.99677e+06
1.99674e+06
1.99672e+06
1.99664e+06
1.99658e+06
1.99647e+06
1.99639e+06
1.99626e+06
1.99624e+06
1.99619e+06
1.99604e+06
1.99588e+06
1.99584e+06
1.99583e+06
1.99566e+06
1.99565e+06
1.9956e+06
1.99548e+06
1.99545e+06
1.99535e+06
1.99523e+06
1.99521e+06
1.99519e+06
1.99517e+06
1.9951e+06
1.99506e+06
1.99485e+06
1.99479e+06
1.99471e+06
1.99458e+06
1.99448e+06
1.99445e+06
1.99436e+06
1.99436e+06
1.99424e+06
1.9942e+06
1.99415e+06
1.9941e+06
1.99406e+06
1.99404e+06
1.99398e+06
1.99388e+06
1.99377e+06
1.99374e+06
1.9936e+06
1.99335e+06
1.99335e+06
1.99331e+06
1.99327e+06
1.99297e+06
1.99295e+06
1.99284e+06
1.99281e+06
1.9928e+06
1.99265e+06
1.9923e+06
1.99227e+06
1.99225e+06
1.99225e+06
1.99222e+06
1.9922e+06
1.99206e+06
1.99206e+06
1.99196e+06
1.99193e+06
1.99188e+06
1.99174e+06
1.99174e+06
1.99168e+06
1.99153e+06
1.99147e+06
1.99133e+06
1.99108e+06
1.99106e+06
1.99098e+06
1.99095e+06
1.99095e+06
1.99088e+06
1.99088e+06
1.99072e+06
1.99069e+06
1.9906e+06
1.9906e+06
1.99048e+06
1.99036e+06
1.99034e+06
1.99031e+06
1.99024e+06
1.99017e+06
1.99013e+06
1.98993e+06
1.98988e+06
1.98984e+06
1.98977e+06
1.98974e+06
1.98964e+06
1.9896e+06
1.98951e+06
1.98935e+06
1.98906e+06
1.98891e+06
1.98878e+06
1.98875e+06
1.98863e+06
1.98861e+06
1.98849e+06
1.98847e+06
1.98841e+06
1.9884e+06
1.98838e+06
1.98837e+06
1.98836e+06
1.98833e+06
1.9883e+06
1.98825e+06
1.98816e+06
1.98806e+06
1.98803e+06
1.98801e+06
1.98787e+06
1.98777e+06
1.9876e+06
1.98757e+06
1.98753e+06
1.98752e+06
1.98751e+06
1.98731e+06
1.98717e+06
1.98711e+06
1.98704e+06
1.98698e+06
1.98688e+06
1.98678e+06
1.98672e+06
1.98671e+06
1.98671e+06
1.98669e+06
1.98666e+06
1.98665e+06
1.98661e+06
1.98656e+06
1.98651e+06
1.98649e+06
1.98648e+06
1.98641e+06
1.98638e+06
1.98636e+06
1.98632e+06
1.98629e+06
1.98627e+06
1.98614e+06
1.98614e+06
1.98608e+06
1.98606e+06
1.98604e+06
1.98594e+06
1.98591e+06
1.98584e+06
1.98566e+06
1.98564e+06
1.98553e+06
1.98548e+06
1.98544e+06
1.98523e+06
1.98521e+06
1.98501e+06
1.98486e+06
1.98459e+06
1.9845e+06
1.98439e+06
1.98436e+06
1.98436e+06
1.98435e+06
1.98434e+06
1.98432e+06
1.9843e+06
1.98427e+06
1.98422e+06
1.9842e+06
1.98413e+06
1.98401e+06
1.9839e+06
1.98387e+06
1.98385e+06
1.98378e+06
1.98373e+06
1.98364e+06
1.98364e+06
1.98362e+06
1.98358e+06
1.98358e+06
1.9835e+06
1.98349e+06
1.98346e+06
1.98345e+06
1.98343e+06
1.98341e+06
1.98338e+06
1.98338e+06
1.98331e+06
1.98324e+06
1.98321e+06
1.98315e+06
1.98314e+06
1.98305e+06
1.98301e+06
1.98297e+06
1.98294e+06
1.98292e+06
1.98289e+06
1.98288e+06
1.98284e+06
1.98282e+06
1.98276e+06
1.98273e+06
1.98268e+06
1.98267e+06
1.98264e+06
1.98263e+06
1.98262e+06
1.9826e+06
1.98256e+06
1.98255e+06
1.98251e+06
1.9825e+06
1.98249e+06
1.98247e+06
1.98246e+06
1.98246e+06
1.98245e+06
1.9824e+06
1.98236e+06
1.98224e+06
1.98221e+06
1.98219e+06
1.98213e+06
1.98212e+06
1.98208e+06
1.98207e+06
1.98204e+06
1.98203e+06
1.98178e+06
1.98178e+06
1.98174e+06
1.98167e+06
1.98163e+06
1.98161e+06
1.98142e+06
1.98141e+06
1.98141e+06
1.98128e+06
1.9811e+06
1.98106e+06
1.98092e+06
1.98088e+06
1.98078e+06
1.98075e+06
1.98071e+06
1.98058e+06
1.98055e+06
1.9805e+06
1.98049e+06
1.98038e+06
1.98036e+06
1.98027e+06
1.98025e+06
1.98023e+06
1.98016e+06
1.97996e+06
1.97995e+06
1.97986e+06
1.97983e+06
1.97981e+06
1.9798e+06
1.97979e+06
1.97969e+06
1.97961e+06
1.97952e+06
1.97946e+06
1.97928e+06
1.97924e+06
1.97916e+06
1.97903e+06
1.97891e+06
1.97879e+06
1.97865e+06
1.97857e+06
1.97849e+06
1.97846e+06
1.97834e+06
1.9782e+06
1.97814e+06
1.97813e+06
1.97808e+06
1.978e+06
1.97793e+06
1.97787e+06
1.97777e+06
1.97774e+06
1.97773e+06
1.9777e+06
1.97767e+06
1.97767e+06
1.9776e+06
1.97758e+06
1.97754e+06
1.97749e+06
1.97744e+06
1.97733e+06
1.9773e+06
1.9773e+06
1.97724e+06
1.97716e+06
1.97715e+06
1.9771e+06
1.97705e+06
1.97703e+06
1.97695e+06
1.97695e+06
1.97691e+06
1.97685e+06
1.97685e+06
1.97681e+06
1.9767e+06
1.97664e+06
1.97663e+06
1.97663e+06
1.9766e+06
1.97659e+06
1.97649e+06
1.97649e+06
1.97646e+06
1.97642e+06
1.97641e+06
1.97632e+06
1.97628e+06
1.97617e+06
1.97614e+06
1.97613e+06
1.97612e+06
1.97611e+06
1.97606e+06
1.97594e+06
1.97594e+06
1.97592e+06
1.97586e+06
1.97583e+06
1.97581e+06
1.97575e+06
1.97568e+06
1.97556e+06
1.97554e+06
1.97541e+06
1.97533e+06
1.97527e+06
1.97518e+06
1.97506e+06
1.97494e+06
1.97489e+06
1.97484e+06
1.97473e+06
1.9747e+06
1.97468e+06
1.97458e+06
1.97443e+06
1.97431e+06
1.9742e+06
1.97409e+06
1.97386e+06
1.97386e+06
1.97385e+06
1.97375e+06
1.97374e+06
1.97369e+06
1.97366e+06
1.97361e+06
1.97353e+06
1.97353e+06
1.97353e+06
1.97348e+06
1.97345e+06
1.97331e+06
1.97328e+06
1.97323e+06
1.97317e+06
1.9731e+06
1.97294e+06
1.97293e+06
1.9729e+06
1.97276e+06
1.97272e+06
1.97266e+06
1.97262e+06
1.9726e+06
1.9725e+06
1.97243e+06
1.97241e+06
1.97233e+06
1.97232e+06
1.97223e+06
1.97223e+06
1.97211e+06
1.97209e+06
1.97202e+06
1.97189e+06
1.97184e+06
1.97183e+06
1.97178e+06
1.97177e+06
1.97167e+06
1.9715e+06
1.97145e+06
1.97143e+06
1.97135e+06
1.97128e+06
1.97106e+06
1.97097e+06
1.9709e+06
1.97081e+06
1.9708e+06
1.97076e+06
1.97071e+06
1.97062e+06
1.97061e+06
1.97052e+06
1.97048e+06
1.97044e+06
1.97026e+06
1.97024e+06
1.97021e+06
1.97015e+06
1.97003e+06
1.97001e+06
1.97001e+06
1.96984e+06
1.96982e+06
1.96975e+06
1.96968e+06
1.96964e+06
1.96963e+06
1.96958e+06
1.96945e+06
1.96944e+06
1.96929e+06
1.96924e+06
1.96924e+06
1.9691e+06
1.96903e+06
1.96903e+06
1.96897e+06
1.9688e+06
1.96878e+06
1.96874e+06
1.96873e+06
1.96873e+06
1.96863e+06
1.96854e+06
1.96854e+06
1.96848e+06
1.96839e+06
1.96837e+06
1.96836e+06
1.96822e+06
1.96818e+06
1.96805e+06
1.9679e+06
1.96785e+06
1.96778e+06
1.96777e+06
1.96775e+06
1.96769e+06
1.96768e+06
1.96754e+06
1.96754e+06
1.96748e+06
1.96746e+06
1.9674e+06
1.96735e+06
1.96732e+06
1.96731e+06
1.96731e+06
1.96724e+06
1.96721e+06
1.96718e+06
1.96713e+06
1.96702e+06
1.96698e+06
1.96696e+06
1.96683e+06
1.96682e+06
1.96681e+06
1.96677e+06
1.96659e+06
1.96652e+06
1.96648e+06
1.96648e+06
1.96641e+06
1.9664e+06
1.96632e+06
1.96625e+06
1.96624e+06
1.96622e+06
1.96621e+06
1.96618e+06
1.9661e+06
1.96606e+06
1.96605e+06
1.96603e+06
1.96601e+06
1.96598e+06
1.96588e+06
1.96588e+06
1.96561e+06
1.96559e+06
1.96553e+06
1.96547e+06
1.96545e+06
1.96544e+06
1.9654e+06
1.96537e+06
1.96531e+06
1.96527e+06
1.9652e+06
1.96513e+06
1.96508e+06
1.96508e+06
1.96504e+06
1.96499e+06
1.96494e+06
1.96488e+06
1.96485e+06
1.9648e+06
1.96473e+06
1.96473e+06
1.96458e+06
1.96455e+06
1.96449e+06
1.96449e+06
1.96435e+06
1.96434e+06
1.96408e+06
1.96406e+06
1.96398e+06
1.96398e+06
1.96384e+06
1.96383e+06
1.96377e+06
1.96371e+06
1.9637e+06
1.96369e+06
1.96366e+06
1.96364e+06
1.96362e+06
1.96357e+06
1.96348e+06
1.96347e+06
1.9634e+06
1.96336e+06
1.96335e+06
1.96324e+06
1.96323e+06
1.96321e+06
1.9632e+06
1.96319e+06
1.96308e+06
1.96294e+06
1.96286e+06
1.96275e+06
1.9627e+06
1.96266e+06
1.96251e+06
1.96239e+06
1.96237e+06
1.96229e+06
1.96222e+06
1.96213e+06
1.96199e+06
1.9619e+06
1.96184e+06
1.96184e+06
1.96178e+06
1.96169e+06
1.96167e+06
1.96154e+06
1.96153e+06
1.96147e+06
1.96139e+06
1.96133e+06
1.96129e+06
1.96126e+06
1.96122e+06
1.96121e+06
1.96109e+06
1.96104e+06
1.96103e+06
1.961e+06
1.96098e+06
1.96097e+06
1.96093e+06
1.9609e+06
1.96076e+06
1.96071e+06
1.96069e+06
1.96064e+06
1.96064e+06
1.96061e+06
1.96057e+06
1.96052e+06
1.96048e+06
1.96042e+06
1.96038e+06
1.9603e+06
1.96027e+06
1.96024e+06
1.96024e+06
1.96023e+06
1.96003e+06
1.95999e+06
1.95993e+06
1.95992e+06
1.95987e+06
1.95982e+06
1.95977e+06
1.95975e+06
1.95974e+06
1.95974e+06
1.95967e+06
1.95952e+06
1.95943e+06
1.95942e+06
1.95941e+06
1.95938e+06
1.95929e+06
1.95924e+06
1.95921e+06
1.95904e+06
1.95902e+06
1.95896e+06
1.95888e+06
1.95886e+06
1.95883e+06
1.95881e+06
1.95877e+06
1.95871e+06
1.9587e+06
1.95867e+06
1.95866e+06
1.95865e+06
1.95863e+06
1.95854e+06
1.95852e+06
1.95838e+06
1.95823e+06
1.95796e+06
1.95796e+06
1.95787e+06
1.95787e+06
1.95785e+06
1.95779e+06
1.95777e+06
1.95768e+06
1.95763e+06
1.95762e+06
1.95758e+06
1.95753e+06
1.9575e+06
1.95747e+06
1.95745e+06
1.95745e+06
1.95743e+06
1.95742e+06
1.95737e+06
1.95719e+06
1.95717e+06
1.95715e+06
1.95714e+06
1.95707e+06
1.95704e+06
1.95704e+06
1.957e+06
1.95696e+06
1.95688e+06
1.95684e+06
1.9568e+06
1.95675e+06
1.95673e+06
1.95672e+06
1.95671e+06
1.95669e+06
1.95656e+06
1.95646e+06
1.95641e+06
1.95634e+06
1.95632e+06
1.95631e+06
1.95627e+06
1.95624e+06
1.95621e+06
1.9562e+06
1.95617e+06
1.95609e+06
1.95608e+06
1.95601e+06
1.95595e+06
1.9559e+06
1.95587e+06
1.95583e+06
1.95582e+06
1.9558e+06
1.95579e+06
1.95565e+06
1.95556e+06
1.95556e+06
1.95554e+06
1.95548e+06
1.95545e+06
1.95541e+06
1.95535e+06
1.95535e+06
1.95534e+06
1.95525e+06
1.95491e+06
1.95487e+06
1.95484e+06
1.95481e+06
1.9548e+06
1.95466e+06
1.95463e+06
1.95448e+06
1.95446e+06
1.95431e+06
1.95427e+06
1.95422e+06
1.9541e+06
1.95405e+06
1.954e+06
1.95394e+06
1.95385e+06
1.95381e+06
1.9538e+06
1.95379e+06
1.95377e+06
1.95368e+06
1.9536e+06
1.95352e+06
1.9535e+06
1.95346e+06
1.95332e+06
1.95332e+06
1.9533e+06
1.95324e+06
1.9532e+06
1.95312e+06
1.95309e+06
1.95295e+06
1.95291e+06
1.95285e+06
1.95283e+06
1.95279e+06
1.95274e+06
1.95265e+06
1.95264e+06
1.95264e+06
1.95248e+06
1.95245e+06
1.95229e+06
1.9522e+06
1.95207e+06
1.95203e+06
1.95195e+06
1.95191e+06
1.9519e+06
1.95187e+06
1.95181e+06
1.95177e+06
1.95159e+06
1.95147e+06
1.95136e+06
1.95132e+06
1.95122e+06
1.9512e+06
1.95114e+06
1.95107e+06
1.95101e+06
1.95095e+06
1.95092e+06
1.95087e+06
1.95081e+06
1.9508e+06
1.95072e+06
1.95065e+06
1.95056e+06
1.95053e+06
1.95046e+06
1.95039e+06
1.95039e+06
1.95037e+06
1.95036e+06
1.95025e+06
1.95024e+06
1.95014e+06
1.95012e+06
1.95004e+06
1.94995e+06
1.94991e+06
1.94985e+06
1.94981e+06
1.94981e+06
1.94974e+06
1.9497e+06
1.94967e+06
1.9496e+06
1.94951e+06
1.94949e+06
1.94946e+06
1.94932e+06
1.94928e+06
1.94924e+06
1.94919e+06
1.94918e+06
1.94914e+06
1.9491e+06
1.94907e+06
1.94901e+06
1.94883e+06
1.94872e+06
1.94871e+06
1.94867e+06
1.94866e+06
1.94862e+06
1.94861e+06
1.94861e+06
1.94859e+06
1.94856e+06
1.94852e+06
1.9485e+06
1.94846e+06
1.94842e+06
1.94841e+06
1.9484e+06
1.94834e+06
1.94817e+06
1.94817e+06
1.94816e+06
1.94813e+06
1.94803e+06
1.94803e+06
1.94802e+06
1.948e+06
1.94798e+06
1.94797e+06
1.94787e+06
1.94776e+06
1.94776e+06
1.94769e+06
1.94765e+06
1.94756e+06
1.94752e+06
1.94751e+06
1.94751e+06
1.94747e+06
1.94742e+06
1.94742e+06
1.9474e+06
1.94731e+06
1.94727e+06
1.94716e+06
1.94713e+06
1.9471e+06
1.94703e+06
1.94695e+06
1.94679e+06
1.94671e+06
1.94667e+06
1.94663e+06
1.94659e+06
1.94654e+06
1.94648e+06
1.94637e+06
1.9462e+06
1.94619e+06
1.94614e+06
1.94613e+06
1.94602e+06
1.946e+06
1.94591e+06
1.94586e+06
1.94584e+06
1.94576e+06
1.94574e+06
1.94565e+06
1.94564e+06
1.94558e+06
1.94552e+06
1.9455e+06
1.9454e+06
1.94524e+06
1.9452e+06
1.9452e+06
1.94518e+06
1.94508e+06
1.94502e+06
1.94501e+06
1.945e+06
1.94496e+06
1.94486e+06
1.94483e+06
1.94475e+06
1.94468e+06
1.94463e+06
1.94457e+06
1.94449e+06
1.94445e+06
1.94443e+06
1.94441e+06
1.9444e+06
1.94439e+06
1.94429e+06
1.9442e+06
1.94413e+06
1.94405e+06
1.94401e+06
1.94398e+06
1.94396e+06
1.94395e+06
1.94393e+06
1.94388e+06
1.94388e+06
1.94378e+06
1.94373e+06
1.94367e+06
1.94361e+06
1.9436e+06
1.94353e+06
1.9435e+06
1.94348e+06
1.94337e+06
1.94337e+06
1.94333e+06
1.94329e+06
1.94324e+06
1.94319e+06
1.94307e+06
1.94289e+06
1.94282e+06
1.94279e+06
1.94272e+06
1.94267e+06
1.94265e+06
1.94263e+06
1.9426e+06
1.94255e+06
1.94249e+06
1.94249e+06
1.94248e+06
1.94245e+06
1.94244e+06
1.94242e+06
1.94235e+06
1.94232e+06
1.94225e+06
1.94216e+06
1.94213e+06
1.9421e+06
1.9421e+06
1.94189e+06
1.94187e+06
1.94182e+06
1.9417e+06
1.94169e+06
1.94164e+06
1.94163e+06
1.94162e+06
1.94162e+06
1.94157e+06
1.94154e+06
1.94149e+06
1.94139e+06
1.94139e+06
1.94138e+06
1.94128e+06
1.94128e+06
1.94128e+06
1.94119e+06
1.94118e+06
1.94099e+06
1.94081e+06
1.94081e+06
1.94075e+06
1.94069e+06
1.94069e+06
1.94069e+06
1.94048e+06
1.94042e+06
1.94041e+06
1.94031e+06
1.9402e+06
1.94015e+06
1.94015e+06
1.94014e+06
1.94011e+06
1.94009e+06
1.93997e+06
1.93994e+06
1.93992e+06
1.93987e+06
1.93974e+06
1.93964e+06
1.93961e+06
1.93958e+06
1.93949e+06
1.93935e+06
1.93932e+06
1.93913e+06
1.93903e+06
1.939e+06
1.93899e+06
1.93896e+06
1.93886e+06
1.93883e+06
1.93875e+06
1.93868e+06
1.93864e+06
1.93845e+06
1.93817e+06
1.93815e+06
1.9381e+06
1.938e+06
1.93798e+06
1.93796e+06
1.93794e+06
1.93785e+06
1.93778e+06
1.93773e+06
1.93755e+06
1.9375e+06
1.93749e+06
1.93739e+06
1.93733e+06
1.93729e+06
1.93722e+06
1.93717e+06
1.93712e+06
1.93707e+06
1.93706e+06
1.937e+06
1.93693e+06
1.93691e+06
1.9369e+06
1.9369e+06
1.93682e+06
1.93677e+06
1.93673e+06
1.9367e+06
1.93667e+06
1.93663e+06
1.93662e+06
1.93661e+06
1.93656e+06
1.93654e+06
1.93653e+06
1.93649e+06
1.93644e+06
1.93638e+06
1.93632e+06
1.93624e+06
1.93623e+06
1.93623e+06
1.93618e+06
1.93615e+06
1.93614e+06
1.93607e+06
1.93603e+06
1.93595e+06
1.93591e+06
1.9359e+06
1.93589e+06
1.93582e+06
1.93576e+06
1.93573e+06
1.93566e+06
1.93566e+06
1.93565e+06
1.93564e+06
1.93562e+06
1.93556e+06
1.93542e+06
1.9354e+06
1.93534e+06
1.93533e+06
1.93533e+06
1.93532e+06
1.93529e+06
1.93524e+06
1.93522e+06
1.93518e+06
1.93517e+06
1.93516e+06
1.9351e+06
1.93497e+06
1.93493e+06
1.9349e+06
1.9349e+06
1.93484e+06
1.93483e+06
1.93479e+06
1.93476e+06
1.93474e+06
1.93474e+06
1.93471e+06
1.93462e+06
1.9345e+06
1.93443e+06
1.93435e+06
1.93426e+06
1.93419e+06
1.93412e+06
1.93411e+06
1.9341e+06
1.93408e+06
1.93398e+06
1.93395e+06
1.93378e+06
1.93375e+06
1.93368e+06
1.93367e+06
1.93365e+06
1.93362e+06
1.93362e+06
1.93362e+06
1.9336e+06
1.93358e+06
1.93357e+06
1.93351e+06
1.9335e+06
1.93344e+06
1.9334e+06
1.93334e+06
1.93332e+06
1.93332e+06
1.93317e+06
1.93306e+06
1.93301e+06
1.93299e+06
1.93295e+06
1.93294e+06
1.93293e+06
1.9329e+06
1.93288e+06
1.93281e+06
1.93277e+06
1.93274e+06
1.9327e+06
1.93264e+06
1.93262e+06
1.93251e+06
1.9325e+06
1.93245e+06
1.93241e+06
1.93239e+06
1.93237e+06
1.93232e+06
1.93226e+06
1.93225e+06
1.93222e+06
1.93209e+06
1.93188e+06
1.93188e+06
1.93182e+06
1.93181e+06
1.93178e+06
1.93166e+06
1.9316e+06
1.93149e+06
1.93141e+06
1.9313e+06
1.93119e+06
1.93109e+06
1.93104e+06
1.93101e+06
1.93094e+06
1.93084e+06
1.93075e+06
1.93072e+06
1.93066e+06
1.93063e+06
1.9305e+06
1.93043e+06
1.93034e+06
1.93028e+06
1.93027e+06
1.93026e+06
1.9302e+06
1.9302e+06
1.93018e+06
1.93017e+06
1.93014e+06
1.93013e+06
1.93008e+06
1.93006e+06
1.93003e+06
1.92999e+06
1.92995e+06
1.92992e+06
1.92992e+06
1.92991e+06
1.92981e+06
1.9298e+06
1.92975e+06
1.92972e+06
1.92964e+06
1.92962e+06
1.9296e+06
1.92956e+06
1.92949e+06
1.92945e+06
1.92943e+06
1.9294e+06
1.92928e+06
1.92918e+06
1.92916e+06
1.92915e+06
1.92909e+06
1.92905e+06
1.92895e+06
1.92895e+06
1.92893e+06
1.92886e+06
1.92877e+06
1.92875e+06
1.92872e+06
1.92871e+06
1.9287e+06
1.92868e+06
1.92861e+06
1.92851e+06
1.92851e+06
1.92851e+06
1.92835e+06
1.92821e+06
1.92809e+06
1.92793e+06
1.92784e+06
1.92782e+06
1.92774e+06
1.92771e+06
1.92743e+06
1.92736e+06
1.92732e+06
1.92718e+06
1.92711e+06
1.92696e+06
1.92693e+06
1.92686e+06
1.92675e+06
1.9267e+06
1.92663e+06
1.92658e+06
1.92652e+06
1.92648e+06
1.92646e+06
1.9264e+06
1.92638e+06
1.92624e+06
1.92613e+06
1.92611e+06
1.92605e+06
1.92602e+06
1.92601e+06
1.92598e+06
1.92597e+06
1.92596e+06
1.92581e+06
1.92572e+06
1.92565e+06
1.92562e+06
1.92561e+06
1.92554e+06
1.92552e+06
1.92551e+06
1.92533e+06
1.92524e+06
1.92519e+06
1.92517e+06
1.92502e+06
1.92498e+06
1.92495e+06
1.92493e+06
1.92492e+06
1.92491e+06
1.92488e+06
1.92479e+06
1.92477e+06
1.92472e+06
1.9247e+06
1.92466e+06
1.92452e+06
1.92448e+06
1.92446e+06
1.92445e+06
1.92445e+06
1.92431e+06
1.92425e+06
1.92424e+06
1.92424e+06
1.9242e+06
1.92419e+06
1.92413e+06
1.92407e+06
1.924e+06
1.92396e+06
1.92392e+06
1.92386e+06
1.92386e+06
1.92379e+06
1.92376e+06
1.92369e+06
1.92368e+06
1.92364e+06
1.92356e+06
1.92356e+06
1.92351e+06
1.92345e+06
1.92344e+06
1.9234e+06
1.92329e+06
1.92322e+06
1.92311e+06
1.92304e+06
1.92302e+06
1.92293e+06
1.92292e+06
1.92289e+06
1.92288e+06
1.92274e+06
1.92274e+06
1.92272e+06
1.92268e+06
1.92268e+06
1.92267e+06
1.92265e+06
1.92263e+06
1.92259e+06
1.92258e+06
1.92255e+06
1.92248e+06
1.92242e+06
1.92231e+06
1.92231e+06
1.92231e+06
1.92224e+06
1.92222e+06
1.92221e+06
1.92216e+06
1.92214e+06
1.92214e+06
1.92213e+06
1.92212e+06
1.92211e+06
1.92207e+06
1.92201e+06
1.92199e+06
1.92196e+06
1.9219e+06
1.92189e+06
1.92187e+06
1.92184e+06
1.92181e+06
1.9218e+06
1.92178e+06
1.92168e+06
1.92161e+06
1.92159e+06
1.92158e+06
1.92157e+06
1.92157e+06
1.92156e+06
1.92155e+06
1.92153e+06
1.92144e+06
1.92138e+06
1.92137e+06
1.92134e+06
1.92131e+06
1.92126e+06
1.92124e+06
1.92118e+06
1.92118e+06
1.9211e+06
1.92106e+06
1.92105e+06
1.92098e+06
1.92091e+06
1.92087e+06
1.92087e+06
1.92076e+06
1.92074e+06
1.92069e+06
1.9206e+06
1.92057e+06
1.92053e+06
1.92048e+06
1.92048e+06
1.92046e+06
1.92043e+06
1.92035e+06
1.92027e+06
1.92027e+06
1.92025e+06
1.92017e+06
1.92008e+06
1.92007e+06
1.91994e+06
1.91991e+06
1.91983e+06
1.91968e+06
1.91963e+06
1.91957e+06
1.91954e+06
1.91945e+06
1.91943e+06
1.91938e+06
1.91934e+06
1.9192e+06
1.91919e+06
1.91913e+06
1.91909e+06
1.91899e+06
1.91892e+06
1.91888e+06
1.91887e+06
1.91881e+06
1.9188e+06
1.91875e+06
1.91874e+06
1.91869e+06
1.91862e+06
1.91861e+06
1.91857e+06
1.91848e+06
1.91839e+06
1.91835e+06
1.91833e+06
1.91832e+06
1.91822e+06
1.91813e+06
1.918e+06
1.91796e+06
1.91795e+06
1.91789e+06
1.9178e+06
1.91777e+06
1.9177e+06
1.91764e+06
1.91753e+06
1.91749e+06
1.91744e+06
1.91741e+06
1.91738e+06
1.91731e+06
1.91718e+06
1.91708e+06
1.917e+06
1.91691e+06
1.91688e+06
1.91685e+06
1.91679e+06
1.91677e+06
1.91675e+06
1.91674e+06
1.91667e+06
1.91667e+06
1.91667e+06
1.91665e+06
1.91664e+06
1.91662e+06
1.91653e+06
1.91646e+06
1.9164e+06
1.91636e+06
1.91629e+06
1.91626e+06
1.91626e+06
1.91614e+06
1.91605e+06
1.91604e+06
1.91604e+06
1.91603e+06
1.91595e+06
1.91586e+06
1.91577e+06
1.91576e+06
1.91573e+06
1.91562e+06
1.91555e+06
1.9155e+06
1.91542e+06
1.9154e+06
1.91535e+06
1.91531e+06
1.91529e+06
1.91526e+06
1.91523e+06
1.91518e+06
1.91518e+06
1.91514e+06
1.91511e+06
1.91507e+06
1.91503e+06
1.91493e+06
1.91493e+06
1.91489e+06
1.91487e+06
1.91486e+06
1.91484e+06
1.91482e+06
1.91478e+06
1.91474e+06
1.9147e+06
1.9147e+06
1.91466e+06
1.91454e+06
1.91451e+06
1.91443e+06
1.9144e+06
1.91437e+06
1.91427e+06
1.91425e+06
1.91407e+06
1.91407e+06
1.91399e+06
1.91395e+06
1.91388e+06
1.91388e+06
1.91386e+06
1.91365e+06
1.91359e+06
1.91358e+06
1.91351e+06
1.91343e+06
1.91341e+06
1.9134e+06
1.91335e+06
1.9133e+06
1.91324e+06
1.91318e+06
1.91311e+06
1.91298e+06
1.91297e+06
1.91295e+06
1.91294e+06
1.91292e+06
1.91291e+06
1.91289e+06
1.91287e+06
1.91286e+06
1.91285e+06
1.91283e+06
1.91283e+06
1.91282e+06
1.91281e+06
1.91272e+06
1.91269e+06
1.91268e+06
1.91263e+06
1.91263e+06
1.91257e+06
1.91256e+06
1.91248e+06
1.91243e+06
1.91242e+06
1.9124e+06
1.91236e+06
1.91234e+06
1.91232e+06
1.9123e+06
1.91228e+06
1.91218e+06
1.91211e+06
1.91211e+06
1.91207e+06
1.91206e+06
1.91204e+06
1.91203e+06
1.91191e+06
1.91184e+06
1.91171e+06
1.91171e+06
1.91166e+06
1.91163e+06
1.91157e+06
1.91156e+06
1.91153e+06
1.91142e+06
1.91136e+06
1.91136e+06
1.91131e+06
1.91127e+06
1.91127e+06
1.91126e+06
1.91126e+06
1.91122e+06
1.91114e+06
1.91107e+06
1.91106e+06
1.91103e+06
1.91102e+06
1.91098e+06
1.91098e+06
1.91097e+06
1.91097e+06
1.91083e+06
1.9108e+06
1.91079e+06
1.91076e+06
1.91073e+06
1.91072e+06
1.91072e+06
1.91064e+06
1.91058e+06
1.91034e+06
1.91021e+06
1.91019e+06
1.91018e+06
1.91013e+06
1.91002e+06
1.90997e+06
1.90993e+06
1.90992e+06
1.90987e+06
1.90967e+06
1.90928e+06
1.90913e+06
1.90903e+06
1.90897e+06
1.90895e+06
1.90895e+06
1.90868e+06
1.90867e+06
1.90853e+06
1.90847e+06
1.90834e+06
1.90832e+06
1.90822e+06
1.90795e+06
1.90777e+06
1.90772e+06
1.90766e+06
1.90741e+06
1.90732e+06
1.90729e+06
1.90727e+06
1.90727e+06
1.90726e+06
1.90719e+06
1.90716e+06
1.90716e+06
1.90715e+06
1.90715e+06
1.90708e+06
1.90702e+06
1.90699e+06
1.90698e+06
1.90681e+06
1.90681e+06
1.90661e+06
1.9066e+06
1.90644e+06
1.90634e+06
1.90626e+06
1.90623e+06
1.90598e+06
1.9059e+06
1.90587e+06
1.90583e+06
1.90565e+06
1.9056e+06
1.9055e+06
1.90544e+06
1.9054e+06
1.90537e+06
1.90521e+06
1.90512e+06
1.90511e+06
1.90504e+06
1.90501e+06
1.90472e+06
1.90465e+06
1.9046e+06
1.90459e+06
1.90449e+06
1.90444e+06
1.90442e+06
1.90426e+06
1.90413e+06
1.90405e+06
1.90391e+06
1.90388e+06
1.90376e+06
1.90372e+06
1.9037e+06
1.90361e+06
1.90355e+06
1.90351e+06
1.90338e+06
1.90311e+06
1.90308e+06
1.90305e+06
1.90295e+06
1.90285e+06
1.90267e+06
1.90266e+06
1.90248e+06
1.90235e+06
1.90234e+06
1.90231e+06
1.90224e+06
1.90211e+06
1.90205e+06
1.90205e+06
1.90196e+06
1.90184e+06
1.90182e+06
1.90173e+06
1.90151e+06
1.90151e+06
1.90142e+06
1.90133e+06
1.90132e+06
1.90129e+06
1.90125e+06
1.90119e+06
1.90111e+06
1.90109e+06
1.90101e+06
1.90094e+06
1.90076e+06
1.90065e+06
1.90061e+06
1.90052e+06
1.90047e+06
1.90037e+06
1.90028e+06
1.90023e+06
1.90014e+06
1.90009e+06
1.90007e+06
1.90001e+06
1.89998e+06
1.89988e+06
1.89986e+06
1.89982e+06
1.89968e+06
1.89962e+06
1.89962e+06
1.89947e+06
1.89942e+06
1.89918e+06
1.89914e+06
1.8991e+06
1.89907e+06
1.89905e+06
1.89903e+06
1.89901e+06
1.89892e+06
1.89886e+06
1.8987e+06
1.8986e+06
1.89859e+06
1.89846e+06
1.89841e+06
1.89834e+06
1.89812e+06
1.8981e+06
1.89806e+06
1.89806e+06
1.89795e+06
1.89795e+06
1.89782e+06
1.89757e+06
1.89749e+06
1.89744e+06
1.89737e+06
1.89729e+06
1.89723e+06
1.89719e+06
1.89713e+06
1.89707e+06
1.897e+06
1.89697e+06
1.89692e+06
1.89691e+06
1.89682e+06
1.89677e+06
1.89676e+06
1.89674e+06
1.89674e+06
1.8967e+06
1.89669e+06
1.89664e+06
1.89663e+06
1.89663e+06
1.89657e+06
1.8964e+06
1.89631e+06
1.8963e+06
1.89629e+06
1.89625e+06
1.89623e+06
1.89622e+06
1.8962e+06
1.89617e+06
1.89607e+06
1.89605e+06
1.89594e+06
1.89588e+06
1.89586e+06
1.89577e+06
1.89574e+06
1.8957e+06
1.89569e+06
1.89567e+06
1.89559e+06
1.89559e+06
1.89548e+06
1.89528e+06
1.89523e+06
1.89522e+06
1.89516e+06
1.89513e+06
1.89512e+06
1.89505e+06
1.89505e+06
1.89503e+06
1.89503e+06
1.89502e+06
1.89486e+06
1.89476e+06
1.89476e+06
1.89466e+06
1.89462e+06
1.89461e+06
1.8946e+06
1.89452e+06
1.89443e+06
1.8943e+06
1.89418e+06
1.89417e+06
1.89415e+06
1.89412e+06
1.894e+06
1.8936e+06
1.89342e+06
1.89339e+06
1.89333e+06
1.89332e+06
1.89325e+06
1.89324e+06
1.89322e+06
1.89311e+06
1.8931e+06
1.89302e+06
1.89296e+06
1.89296e+06
1.89289e+06
1.89289e+06
1.89287e+06
1.89284e+06
1.89267e+06
1.89263e+06
1.89262e+06
1.89254e+06
1.8924e+06
1.89227e+06
1.89218e+06
1.89215e+06
1.89214e+06
1.89208e+06
1.89207e+06
1.89205e+06
1.892e+06
1.89199e+06
1.89195e+06
1.8919e+06
1.89184e+06
1.89182e+06
1.89174e+06
1.89165e+06
1.89164e+06
1.8916e+06
1.89157e+06
1.89149e+06
1.89136e+06
1.89134e+06
1.89109e+06
1.891e+06
1.89099e+06
1.8909e+06
1.89078e+06
1.89063e+06
1.8906e+06
1.89055e+06
1.8905e+06
1.89045e+06
1.8904e+06
1.89035e+06
1.89034e+06
1.89023e+06
1.8902e+06
1.8902e+06
1.89015e+06
1.89011e+06
1.89006e+06
1.89001e+06
1.88998e+06
1.88992e+06
1.88987e+06
1.88985e+06
1.88977e+06
1.88975e+06
1.88968e+06
1.88968e+06
1.88968e+06
1.88961e+06
1.88954e+06
1.88946e+06
1.88937e+06
1.88929e+06
1.88925e+06
1.88924e+06
1.88915e+06
1.88901e+06
1.88899e+06
1.88888e+06
1.88877e+06
1.88873e+06
1.88868e+06
1.88868e+06
1.88859e+06
1.88856e+06
1.88856e+06
1.88854e+06
1.88853e+06
1.88849e+06
1.88846e+06
1.88842e+06
1.88831e+06
1.8883e+06
1.88829e+06
1.88827e+06
1.88826e+06
1.88815e+06
1.88808e+06
1.88805e+06
1.88802e+06
1.88788e+06
1.88788e+06
1.88768e+06
1.88765e+06
1.88764e+06
1.88759e+06
1.88752e+06
1.88732e+06
1.88728e+06
1.88727e+06
1.88719e+06
1.88717e+06
1.88703e+06
1.8868e+06
1.88676e+06
1.88675e+06
1.88666e+06
1.88648e+06
1.88639e+06
1.88636e+06
1.88629e+06
1.88627e+06
1.88622e+06
1.8862e+06
1.88612e+06
1.88612e+06
1.8861e+06
1.88607e+06
1.88599e+06
1.88586e+06
1.88586e+06
1.88582e+06
1.88581e+06
1.88567e+06
1.88559e+06
1.88558e+06
1.88555e+06
1.88549e+06
1.88548e+06
1.88545e+06
1.88535e+06
1.88526e+06
1.8852e+06
1.88517e+06
1.88516e+06
1.88511e+06
1.88504e+06
1.88491e+06
1.88491e+06
1.88488e+06
1.88483e+06
1.88472e+06
1.88459e+06
1.88454e+06
1.88434e+06
1.88413e+06
1.8841e+06
1.88393e+06
1.88388e+06
1.88385e+06
1.88381e+06
1.88365e+06
1.8836e+06
1.88351e+06
1.88342e+06
1.8834e+06
1.88332e+06
1.88326e+06
1.88326e+06
1.88313e+06
1.88311e+06
1.88308e+06
1.88299e+06
1.88295e+06
1.88271e+06
1.88264e+06
1.8826e+06
1.88255e+06
1.88246e+06
1.88243e+06
1.88234e+06
1.88234e+06
1.88214e+06
1.88213e+06
1.8821e+06
1.8821e+06
1.88207e+06
1.88205e+06
1.88203e+06
1.88192e+06
1.88184e+06
1.88176e+06
1.88174e+06
1.88158e+06
1.88148e+06
1.88147e+06
1.88137e+06
1.88125e+06
1.88107e+06
1.88085e+06
1.88079e+06
1.88076e+06
1.8807e+06
1.88066e+06
1.88066e+06
1.88066e+06
1.88064e+06
1.88062e+06
1.8806e+06
1.88059e+06
1.8805e+06
1.88026e+06
1.88023e+06
1.88009e+06
1.87992e+06
1.87963e+06
1.87961e+06
1.87951e+06
1.87943e+06
1.87934e+06
1.87925e+06
1.87925e+06
1.87909e+06
1.87901e+06
1.87895e+06
1.87889e+06
1.87883e+06
1.87877e+06
1.8787e+06
1.87862e+06
1.87844e+06
1.87841e+06
1.87822e+06
1.8782e+06
1.87814e+06
1.87812e+06
1.87808e+06
1.87806e+06
1.87805e+06
1.87803e+06
1.87779e+06
1.87775e+06
1.87773e+06
1.87768e+06
1.87761e+06
1.87757e+06
1.87742e+06
1.87738e+06
1.87738e+06
1.87725e+06
1.87715e+06
1.87713e+06
1.877e+06
1.87687e+06
1.87685e+06
1.87674e+06
1.87673e+06
1.87658e+06
1.87654e+06
1.8765e+06
1.87633e+06
1.8763e+06
1.87628e+06
1.87624e+06
1.87615e+06
1.8761e+06
1.87606e+06
1.87599e+06
1.87597e+06
1.8759e+06
1.87586e+06
1.87585e+06
1.87583e+06
1.87576e+06
1.87575e+06
1.87571e+06
1.87568e+06
1.87563e+06
1.8756e+06
1.87557e+06
1.87551e+06
1.8755e+06
1.87548e+06
1.87545e+06
1.87541e+06
1.87519e+06
1.87513e+06
1.87507e+06
1.87506e+06
1.87498e+06
1.87493e+06
1.87488e+06
1.87481e+06
1.87479e+06
1.87466e+06
1.87454e+06
1.87447e+06
1.87444e+06
1.87442e+06
1.87435e+06
1.87424e+06
1.87421e+06
1.87415e+06
1.87405e+06
1.87403e+06
1.874e+06
1.87395e+06
1.87394e+06
1.87394e+06
1.87393e+06
1.87379e+06
1.87358e+06
1.87355e+06
1.8735e+06
1.87333e+06
1.8732e+06
1.87309e+06
1.87308e+06
1.87297e+06
1.87294e+06
1.87288e+06
1.87284e+06
1.87276e+06
1.87276e+06
1.87275e+06
1.87267e+06
1.87246e+06
1.87241e+06
1.87234e+06
1.8723e+06
1.87215e+06
1.87215e+06
1.87211e+06
1.87208e+06
1.87198e+06
1.87184e+06
1.87181e+06
1.87179e+06
1.87179e+06
1.87178e+06
1.87177e+06
1.87174e+06
1.87166e+06
1.87155e+06
1.87153e+06
1.87142e+06
1.87139e+06
1.8713e+06
1.87127e+06
1.87125e+06
1.8711e+06
1.87102e+06
1.87097e+06
1.87094e+06
1.8709e+06
1.87088e+06
1.8708e+06
1.87074e+06
1.87073e+06
1.87073e+06
1.87064e+06
1.87047e+06
1.87019e+06
1.8701e+06
1.86996e+06
1.8699e+06
1.86986e+06
1.86981e+06
1.8696e+06
1.86956e+06
1.86955e+06
1.86925e+06
1.86916e+06
1.86908e+06
1.86899e+06
1.86892e+06
1.86883e+06
1.86873e+06
1.86865e+06
1.86864e+06
1.86851e+06
1.86846e+06
1.86843e+06
1.86817e+06
1.86811e+06
1.86811e+06
1.8681e+06
1.86805e+06
1.86794e+06
1.86789e+06
1.86788e+06
1.86786e+06
1.86786e+06
1.86782e+06
1.86781e+06
1.86776e+06
1.86775e+06
1.86773e+06
1.86771e+06
1.86762e+06
1.86751e+06
1.86744e+06
1.8674e+06
1.86727e+06
1.86721e+06
1.86711e+06
1.86708e+06
1.8669e+06
1.86688e+06
1.86678e+06
1.8667e+06
1.86658e+06
1.86658e+06
1.86658e+06
1.86654e+06
1.86648e+06
1.86644e+06
1.86639e+06
1.86629e+06
1.86623e+06
1.86623e+06
1.86616e+06
1.86611e+06
1.86607e+06
1.86603e+06
1.86602e+06
1.86601e+06
1.866e+06
1.86598e+06
1.86597e+06
1.86597e+06
1.86596e+06
1.86593e+06
1.86592e+06
1.8659e+06
1.86587e+06
1.86586e+06
1.8658e+06
1.86577e+06
1.86568e+06
1.86567e+06
1.86566e+06
1.86566e+06
1.86563e+06
1.8655e+06
1.86535e+06
1.86535e+06
1.86529e+06
1.8652e+06
1.86512e+06
1.86494e+06
1.86494e+06
1.86485e+06
1.86477e+06
1.86472e+06
1.86469e+06
1.86457e+06
1.8644e+06
1.86436e+06
1.86419e+06
1.86408e+06
1.86397e+06
1.86388e+06
1.86386e+06
1.86381e+06
1.86374e+06
1.86373e+06
1.8637e+06
1.86365e+06
1.8636e+06
1.8636e+06
1.86359e+06
1.86344e+06
1.86332e+06
1.86324e+06
1.86322e+06
1.86317e+06
1.86311e+06
1.86303e+06
1.86302e+06
1.86298e+06
1.86294e+06
1.86293e+06
1.86292e+06
1.86279e+06
1.86279e+06
1.86269e+06
1.86266e+06
1.86265e+06
1.86257e+06
1.86252e+06
1.86249e+06
1.86249e+06
1.86246e+06
1.86244e+06
1.8624e+06
1.86239e+06
1.86233e+06
1.86225e+06
1.86221e+06
1.86218e+06
1.86214e+06
1.86212e+06
1.86207e+06
1.86204e+06
1.862e+06
1.86198e+06
1.86187e+06
1.86185e+06
1.86184e+06
1.86181e+06
1.86176e+06
1.86174e+06
1.86173e+06
1.86168e+06
1.86154e+06
1.86149e+06
1.86132e+06
1.86128e+06
1.86097e+06
1.8609e+06
1.86088e+06
1.86083e+06
1.86076e+06
1.86076e+06
1.86067e+06
1.86057e+06
1.8605e+06
1.86039e+06
1.86036e+06
1.86035e+06
1.86035e+06
1.86033e+06
1.86032e+06
1.86032e+06
1.86031e+06
1.86027e+06
1.86026e+06
1.86023e+06
1.86014e+06
1.86013e+06
1.86007e+06
1.86001e+06
1.85999e+06
1.85999e+06
1.85999e+06
1.85995e+06
1.85989e+06
1.85985e+06
1.85981e+06
1.85977e+06
1.8597e+06
1.85969e+06
1.85964e+06
1.8596e+06
1.85955e+06
1.85947e+06
1.85945e+06
1.85941e+06
1.85934e+06
1.85933e+06
1.85924e+06
1.85923e+06
1.85913e+06
1.85912e+06
1.85911e+06
1.85911e+06
1.85907e+06
1.85907e+06
1.859e+06
1.85897e+06
1.85894e+06
1.8589e+06
1.8588e+06
1.85877e+06
1.85876e+06
1.85876e+06
1.85871e+06
1.85865e+06
1.85864e+06
1.85863e+06
1.85854e+06
1.85846e+06
1.85838e+06
1.85829e+06
1.85822e+06
1.85814e+06
1.85813e+06
1.85793e+06
1.85791e+06
1.8579e+06
1.8578e+06
1.85779e+06
1.85778e+06
1.85776e+06
1.85772e+06
1.85758e+06
1.85758e+06
1.85752e+06
1.85744e+06
1.85742e+06
1.8573e+06
1.85728e+06
1.85723e+06
1.85718e+06
1.85693e+06
1.85691e+06
1.8569e+06
1.85689e+06
1.8568e+06
1.85672e+06
1.85671e+06
1.85664e+06
1.85662e+06
1.85654e+06
1.85647e+06
1.85641e+06
1.85636e+06
1.85627e+06
1.85623e+06
1.85622e+06
1.85607e+06
1.85607e+06
1.85602e+06
1.856e+06
1.85598e+06
1.85592e+06
1.85589e+06
1.85587e+06
1.85579e+06
1.85575e+06
1.85569e+06
1.85567e+06
1.85566e+06
1.85559e+06
1.85557e+06
1.85553e+06
1.85552e+06
1.85552e+06
1.85551e+06
1.85548e+06
1.85547e+06
1.85545e+06
1.85544e+06
1.8553e+06
1.85529e+06
1.85528e+06
1.85526e+06
1.85524e+06
1.8552e+06
1.85518e+06
1.85513e+06
1.85512e+06
1.85506e+06
1.85501e+06
1.85498e+06
1.85485e+06
1.85475e+06
1.85474e+06
1.8547e+06
1.85466e+06
1.85462e+06
1.8546e+06
1.8545e+06
1.85447e+06
1.85438e+06
1.85437e+06
1.85432e+06
1.8543e+06
1.85418e+06
1.85412e+06
1.85412e+06
1.85407e+06
1.85403e+06
1.854e+06
1.85399e+06
1.85394e+06
1.85394e+06
1.85386e+06
1.85378e+06
1.85374e+06
1.85374e+06
1.85366e+06
1.85362e+06
1.8536e+06
1.85357e+06
1.85356e+06
1.85355e+06
1.85349e+06
1.85341e+06
1.85332e+06
1.85331e+06
1.8532e+06
1.85312e+06
1.8531e+06
1.8531e+06
1.85303e+06
1.85293e+06
1.85285e+06
1.85284e+06
1.85278e+06
1.85276e+06
1.85272e+06
1.85271e+06
1.85261e+06
1.85259e+06
1.85259e+06
1.85248e+06
1.85246e+06
1.85236e+06
1.85233e+06
1.85227e+06
1.85222e+06
1.8522e+06
1.85219e+06
1.85217e+06
1.85216e+06
1.85213e+06
1.8521e+06
1.85206e+06
1.85199e+06
1.85199e+06
1.85193e+06
1.85192e+06
1.85187e+06
1.85182e+06
1.8518e+06
1.85179e+06
1.85172e+06
1.85162e+06
1.85159e+06
1.85157e+06
1.85148e+06
1.85135e+06
1.85123e+06
1.85108e+06
1.85104e+06
1.85091e+06
1.85089e+06
1.85085e+06
1.85081e+06
1.85071e+06
1.85063e+06
1.85057e+06
1.85054e+06
1.85048e+06
1.85046e+06
1.85044e+06
1.85044e+06
1.8504e+06
1.85038e+06
1.85037e+06
1.85035e+06
1.85034e+06
1.85029e+06
1.85025e+06
1.85022e+06
1.85018e+06
1.85011e+06
1.84998e+06
1.84984e+06
1.84977e+06
1.84976e+06
1.84975e+06
1.84972e+06
1.84972e+06
1.84971e+06
1.84965e+06
1.84962e+06
1.8496e+06
1.84955e+06
1.84954e+06
1.84951e+06
1.84942e+06
1.84939e+06
1.84935e+06
1.84934e+06
1.84922e+06
1.84921e+06
1.84913e+06
1.84913e+06
1.84907e+06
1.84906e+06
1.84901e+06
1.849e+06
1.84898e+06
1.84889e+06
1.84886e+06
1.84882e+06
1.84882e+06
1.84878e+06
1.84877e+06
1.84871e+06
1.84869e+06
1.84867e+06
1.8486e+06
1.84839e+06
1.84831e+06
1.8483e+06
1.84829e+06
1.84825e+06
1.84823e+06
1.84822e+06
1.84821e+06
1.84819e+06
1.84819e+06
1.8481e+06
1.84809e+06
1.84808e+06
1.84807e+06
1.84802e+06
1.84801e+06
1.84794e+06
1.8479e+06
1.84785e+06
1.84771e+06
1.8477e+06
1.84768e+06
1.84767e+06
1.84763e+06
1.84755e+06
1.84754e+06
1.84753e+06
1.84752e+06
1.84743e+06
1.84738e+06
1.84735e+06
1.84735e+06
1.84733e+06
1.84729e+06
1.84726e+06
1.84724e+06
1.84713e+06
1.84711e+06
1.84707e+06
1.84705e+06
1.84692e+06
1.84686e+06
1.84682e+06
1.84681e+06
1.84678e+06
1.8467e+06
1.8467e+06
1.84662e+06
1.84658e+06
1.84655e+06
1.8465e+06
1.84649e+06
1.84648e+06
1.84647e+06
1.84647e+06
1.84643e+06
1.8464e+06
1.84634e+06
1.84627e+06
1.84624e+06
1.84621e+06
1.84615e+06
1.84607e+06
1.84601e+06
1.84592e+06
1.84588e+06
1.84588e+06
1.84586e+06
1.84582e+06
1.84576e+06
1.84575e+06
1.84573e+06
1.8457e+06
1.84567e+06
1.84556e+06
1.84554e+06
1.84551e+06
1.84548e+06
1.84548e+06
1.84547e+06
1.84544e+06
1.84542e+06
1.84539e+06
1.84537e+06
1.84534e+06
1.84533e+06
1.84533e+06
1.84527e+06
1.84527e+06
1.84522e+06
1.84521e+06
1.8452e+06
1.8452e+06
1.8452e+06
1.84514e+06
1.84509e+06
1.84501e+06
1.84497e+06
1.84496e+06
1.84494e+06
1.84493e+06
1.84491e+06
1.84483e+06
1.8448e+06
1.8448e+06
1.84476e+06
1.84471e+06
1.84471e+06
1.84467e+06
1.84465e+06
1.84465e+06
1.84464e+06
1.84462e+06
1.84458e+06
1.84456e+06
1.84448e+06
1.84446e+06
1.84445e+06
1.8444e+06
1.84437e+06
1.84435e+06
1.84431e+06
1.84429e+06
1.84429e+06
1.84424e+06
1.84416e+06
1.84413e+06
1.84405e+06
1.84404e+06
1.84404e+06
1.84403e+06
1.84402e+06
1.84396e+06
1.84395e+06
1.84385e+06
1.84381e+06
1.8438e+06
1.84371e+06
1.84367e+06
1.84353e+06
1.84353e+06
1.84344e+06
1.84341e+06
1.84337e+06
1.84331e+06
1.84322e+06
1.84319e+06
1.84309e+06
1.84299e+06
1.84298e+06
1.84297e+06
1.84294e+06
1.84285e+06
1.84285e+06
1.84281e+06
1.8428e+06
1.8427e+06
1.84268e+06
1.84264e+06
1.84262e+06
1.84262e+06
1.84261e+06
1.8426e+06
1.84259e+06
1.84258e+06
1.84255e+06
1.84249e+06
1.84248e+06
1.84243e+06
1.84239e+06
1.84234e+06
1.84231e+06
1.84229e+06
1.84229e+06
1.84227e+06
1.84223e+06
1.84222e+06
1.8422e+06
1.84215e+06
1.84213e+06
1.84212e+06
1.84209e+06
1.84169e+06
1.84167e+06
1.84164e+06
1.8416e+06
1.84157e+06
1.84157e+06
1.84147e+06
1.8414e+06
1.84113e+06
1.841e+06
1.84094e+06
1.84088e+06
1.84078e+06
1.84068e+06
1.84058e+06
1.84052e+06
1.84051e+06
1.84046e+06
1.84035e+06
1.84025e+06
1.84023e+06
1.84017e+06
1.84017e+06
1.84015e+06
1.8401e+06
1.84009e+06
1.83998e+06
1.83985e+06
1.83984e+06
1.83983e+06
1.83983e+06
1.83976e+06
1.8396e+06
1.83955e+06
1.83953e+06
1.83949e+06
1.83943e+06
1.8392e+06
1.83919e+06
1.83916e+06
1.83902e+06
1.83901e+06
1.83894e+06
1.83891e+06
1.83889e+06
1.83884e+06
1.83884e+06
1.83871e+06
1.83864e+06
1.8386e+06
1.83857e+06
1.83848e+06
1.83844e+06
1.83843e+06
1.83834e+06
1.83833e+06
1.83833e+06
1.83831e+06
1.83827e+06
1.83826e+06
1.83824e+06
1.83818e+06
1.83815e+06
1.83812e+06
1.83807e+06
1.83802e+06
1.83798e+06
1.83795e+06
1.83787e+06
1.83781e+06
1.83778e+06
1.83778e+06
1.83773e+06
1.83763e+06
1.83758e+06
1.83756e+06
1.83754e+06
1.83753e+06
1.83748e+06
1.83748e+06
1.83747e+06
1.83741e+06
1.83734e+06
1.83721e+06
1.83717e+06
1.83716e+06
1.83711e+06
1.83705e+06
1.83697e+06
1.83697e+06
1.83682e+06
1.83675e+06
1.83672e+06
1.8367e+06
1.83655e+06
1.83649e+06
1.83646e+06
1.83645e+06
1.8364e+06
1.8364e+06
1.83638e+06
1.83633e+06
1.83612e+06
1.83607e+06
1.836e+06
1.83599e+06
1.83584e+06
1.83576e+06
1.83572e+06
1.83571e+06
1.83554e+06
1.83547e+06
1.83536e+06
1.83534e+06
1.83529e+06
1.83523e+06
1.83514e+06
1.83503e+06
1.83502e+06
1.8349e+06
1.83469e+06
1.83468e+06
1.83451e+06
1.8345e+06
1.83442e+06
1.83441e+06
1.83434e+06
1.83404e+06
1.83397e+06
1.83392e+06
1.83388e+06
1.83379e+06
1.83371e+06
1.8337e+06
1.83367e+06
1.83361e+06
1.83357e+06
1.8333e+06
1.8332e+06
1.83317e+06
1.83298e+06
1.83296e+06
1.83296e+06
1.83295e+06
1.83294e+06
1.8329e+06
1.83289e+06
1.83288e+06
1.83276e+06
1.83256e+06
1.83238e+06
1.83237e+06
1.83225e+06
1.83218e+06
1.83214e+06
1.83213e+06
1.83208e+06
1.83207e+06
1.83192e+06
1.8319e+06
1.83177e+06
1.83152e+06
1.83138e+06
1.83132e+06
1.83131e+06
1.8312e+06
1.83087e+06
1.8308e+06
1.83072e+06
1.83071e+06
1.83058e+06
1.83048e+06
1.83041e+06
1.83029e+06
1.83029e+06
1.8302e+06
1.83018e+06
1.83015e+06
1.83014e+06
1.83012e+06
1.83008e+06
1.83005e+06
1.82993e+06
1.82983e+06
1.82979e+06
1.82955e+06
1.82954e+06
1.82925e+06
1.82921e+06
1.82921e+06
1.82914e+06
1.82906e+06
1.829e+06
1.829e+06
1.82892e+06
1.82888e+06
1.8287e+06
1.82855e+06
1.82855e+06
1.82853e+06
1.82841e+06
1.8284e+06
1.82834e+06
1.82827e+06
1.82822e+06
1.82817e+06
1.82808e+06
1.82802e+06
1.8279e+06
1.82789e+06
1.82785e+06
1.82784e+06
1.82758e+06
1.82747e+06
1.82723e+06
1.82709e+06
1.82692e+06
1.82687e+06
1.8268e+06
1.82679e+06
1.82677e+06
1.82673e+06
1.82663e+06
1.82659e+06
1.82649e+06
1.82645e+06
1.82642e+06
1.82641e+06
1.82633e+06
1.82626e+06
1.82619e+06
1.82614e+06
1.82609e+06
1.82603e+06
1.82601e+06
1.82598e+06
1.8259e+06
1.82588e+06
1.82586e+06
1.82568e+06
1.82563e+06
1.82562e+06
1.82557e+06
1.82544e+06
1.82543e+06
1.8254e+06
1.82535e+06
1.82529e+06
1.82513e+06
1.82512e+06
1.82508e+06
1.82501e+06
1.82494e+06
1.82486e+06
1.82476e+06
1.82461e+06
1.82455e+06
1.82444e+06
1.82442e+06
1.82438e+06
1.82435e+06
1.82435e+06
1.8243e+06
1.8243e+06
1.8243e+06
1.82428e+06
1.82424e+06
1.82419e+06
1.82414e+06
1.82413e+06
1.82411e+06
1.8241e+06
1.82407e+06
1.82401e+06
1.82398e+06
1.82389e+06
1.82364e+06
1.82347e+06
1.82337e+06
1.8233e+06
1.82299e+06
1.82285e+06
1.82279e+06
1.82271e+06
1.82268e+06
1.8225e+06
1.82239e+06
1.82218e+06
1.82214e+06
1.82208e+06
1.82206e+06
1.82203e+06
1.82186e+06
1.82169e+06
1.82159e+06
1.82157e+06
1.82157e+06
1.82144e+06
1.82135e+06
1.82133e+06
1.82127e+06
1.82115e+06
1.82108e+06
1.82106e+06
1.82102e+06
1.82091e+06
1.82089e+06
1.82088e+06
1.82086e+06
1.82085e+06
1.82079e+06
1.82065e+06
1.82062e+06
1.82058e+06
1.82056e+06
1.82051e+06
1.8205e+06
1.8205e+06
1.8205e+06
1.82047e+06
1.82045e+06
1.82032e+06
1.82026e+06
1.82022e+06
1.8202e+06
1.8198e+06
1.8198e+06
1.81979e+06
1.81968e+06
1.81962e+06
1.81931e+06
1.81923e+06
1.81918e+06
1.81908e+06
1.81903e+06
1.81888e+06
1.81876e+06
1.81871e+06
1.81864e+06
1.81861e+06
1.81858e+06
1.81854e+06
1.81852e+06
1.81852e+06
1.81841e+06
1.81839e+06
1.81839e+06
1.81836e+06
1.81831e+06
1.81825e+06
1.81824e+06
1.81818e+06
1.81814e+06
1.81808e+06
1.81806e+06
1.81805e+06
1.81805e+06
1.81803e+06
1.81803e+06
1.81801e+06
1.81801e+06
1.81797e+06
1.8179e+06
1.81785e+06
1.81781e+06
1.81781e+06
1.81776e+06
1.81772e+06
1.81772e+06
1.81769e+06
1.81767e+06
1.81766e+06
1.81766e+06
1.81765e+06
1.8176e+06
1.8176e+06
1.81756e+06
1.81751e+06
1.81746e+06
1.81742e+06
1.81742e+06
1.81735e+06
1.81732e+06
1.81731e+06
1.81727e+06
1.81727e+06
1.81724e+06
1.81722e+06
1.81715e+06
1.81712e+06
1.81712e+06
1.81706e+06
1.81698e+06
1.81697e+06
1.81697e+06
1.81693e+06
1.81688e+06
1.81677e+06
1.8167e+06
1.81665e+06
1.81663e+06
1.81644e+06
1.81641e+06
1.81637e+06
1.81636e+06
1.81633e+06
1.81621e+06
1.81619e+06
1.81618e+06
1.81618e+06
1.81614e+06
1.81609e+06
1.81607e+06
1.81607e+06
1.81602e+06
1.816e+06
1.81593e+06
1.81591e+06
1.81581e+06
1.81579e+06
1.81578e+06
1.81577e+06
1.81576e+06
1.81568e+06
1.81567e+06
1.8156e+06
1.81555e+06
1.81553e+06
1.81551e+06
1.81547e+06
1.81542e+06
1.81538e+06
1.81537e+06
1.81525e+06
1.81515e+06
1.81498e+06
1.81497e+06
1.8149e+06
1.8149e+06
1.81483e+06
1.81482e+06
1.81469e+06
1.8146e+06
1.81455e+06
1.81452e+06
1.81447e+06
1.81447e+06
1.81444e+06
1.81435e+06
1.81435e+06
1.81426e+06
1.81395e+06
1.81393e+06
1.81391e+06
1.81389e+06
1.81385e+06
1.81379e+06
1.81371e+06
1.81366e+06
1.81352e+06
1.81348e+06
1.81348e+06
1.81338e+06
1.81337e+06
1.8133e+06
1.81315e+06
1.81313e+06
1.81312e+06
1.81299e+06
1.81294e+06
1.81286e+06
1.81285e+06
1.81283e+06
1.81281e+06
1.81278e+06
1.81278e+06
1.81277e+06
1.81274e+06
1.81248e+06
1.81245e+06
1.81242e+06
1.81237e+06
1.81233e+06
1.81231e+06
1.81216e+06
1.81216e+06
1.81213e+06
1.81205e+06
1.81198e+06
1.81185e+06
1.81178e+06
1.8117e+06
1.81152e+06
1.8115e+06
1.81149e+06
1.81149e+06
1.81147e+06
1.81144e+06
1.8114e+06
1.81138e+06
1.81121e+06
1.81114e+06
1.81111e+06
1.81106e+06
1.81106e+06
1.811e+06
1.81099e+06
1.81094e+06
1.81087e+06
1.81081e+06
1.81078e+06
1.81069e+06
1.81065e+06
1.8106e+06
1.81056e+06
1.81055e+06
1.81052e+06
1.81038e+06
1.81035e+06
1.81034e+06
1.81034e+06
1.81032e+06
1.81028e+06
1.81024e+06
1.8102e+06
1.81018e+06
1.81002e+06
1.80997e+06
1.80995e+06
1.80983e+06
1.80981e+06
1.8098e+06
1.80971e+06
1.80971e+06
1.80966e+06
1.80946e+06
1.80946e+06
1.80934e+06
1.80934e+06
1.80932e+06
1.80927e+06
1.80925e+06
1.80914e+06
1.80912e+06
1.8091e+06
1.8091e+06
1.80907e+06
1.80905e+06
1.80895e+06
1.80891e+06
1.8089e+06
1.80887e+06
1.80887e+06
1.80881e+06
1.80881e+06
1.80881e+06
1.80875e+06
1.80873e+06
1.80866e+06
1.80861e+06
1.80856e+06
1.80855e+06
1.80855e+06
1.80854e+06
1.80849e+06
1.80849e+06
1.80844e+06
1.80844e+06
1.80839e+06
1.8083e+06
1.80828e+06
1.80821e+06
1.80806e+06
1.80806e+06
1.80804e+06
1.80803e+06
1.80793e+06
1.80787e+06
1.80779e+06
1.80777e+06
1.80772e+06
1.80772e+06
1.80746e+06
1.80737e+06
1.80734e+06
1.80728e+06
1.80725e+06
1.80722e+06
1.80722e+06
1.80712e+06
1.80711e+06
1.80711e+06
1.80705e+06
1.80705e+06
1.80699e+06
1.80695e+06
1.80693e+06
1.80685e+06
1.8068e+06
1.80677e+06
1.80669e+06
1.80659e+06
1.80652e+06
1.80651e+06
1.8065e+06
1.80647e+06
1.80646e+06
1.80646e+06
1.80642e+06
1.80633e+06
1.80631e+06
1.80621e+06
1.80596e+06
1.80595e+06
1.80593e+06
1.80591e+06
1.80589e+06
1.80588e+06
1.80588e+06
1.80584e+06
1.80581e+06
1.8058e+06
1.80578e+06
1.80578e+06
1.80568e+06
1.80568e+06
1.80567e+06
1.80562e+06
1.80558e+06
1.80555e+06
1.80554e+06
1.80548e+06
1.80545e+06
1.80542e+06
1.8054e+06
1.80539e+06
1.80537e+06
1.80535e+06
1.80522e+06
1.80522e+06
1.80516e+06
1.80505e+06
1.805e+06
1.80495e+06
1.80492e+06
1.80489e+06
1.80484e+06
1.80484e+06
1.80482e+06
1.80477e+06
1.80474e+06
1.80469e+06
1.80468e+06
1.80464e+06
1.80462e+06
1.80461e+06
1.80457e+06
1.80452e+06
1.80451e+06
1.80445e+06
1.80439e+06
1.80431e+06
1.80428e+06
1.80427e+06
1.80425e+06
1.80424e+06
1.80423e+06
1.80421e+06
1.80421e+06
1.80416e+06
1.80411e+06
1.80383e+06
1.8038e+06
1.80372e+06
1.8037e+06
1.80354e+06
1.80346e+06
1.80345e+06
1.80343e+06
1.80338e+06
1.80336e+06
1.80334e+06
1.80317e+06
1.8031e+06
1.8031e+06
1.80309e+06
1.80307e+06
1.80303e+06
1.80299e+06
1.80294e+06
1.80286e+06
1.80282e+06
1.80282e+06
1.80275e+06
1.80273e+06
1.8027e+06
1.80267e+06
1.80266e+06
1.80266e+06
1.80259e+06
1.80256e+06
1.80255e+06
1.80246e+06
1.80243e+06
1.80235e+06
1.80231e+06
1.80227e+06
1.80226e+06
1.80223e+06
1.80218e+06
1.80212e+06
1.80209e+06
1.80206e+06
1.80205e+06
1.80201e+06
1.80181e+06
1.80166e+06
1.80165e+06
1.80162e+06
1.80155e+06
1.80144e+06
1.80143e+06
1.80136e+06
1.80128e+06
1.80118e+06
1.80118e+06
1.80117e+06
1.80111e+06
1.80107e+06
1.80103e+06
1.80095e+06
1.80086e+06
1.80085e+06
1.80079e+06
1.80057e+06
1.80053e+06
1.80052e+06
1.80045e+06
1.80043e+06
1.80032e+06
1.80029e+06
1.80026e+06
1.80025e+06
1.8002e+06
1.80019e+06
1.80011e+06
1.80011e+06
1.80009e+06
1.79996e+06
1.79977e+06
1.79964e+06
1.79963e+06
1.79962e+06
1.79953e+06
1.79936e+06
1.79936e+06
1.79929e+06
1.79922e+06
1.79916e+06
1.79898e+06
1.79884e+06
1.79883e+06
1.79881e+06
1.79867e+06
1.79867e+06
1.79864e+06
1.79861e+06
1.79859e+06
1.79856e+06
1.79855e+06
1.7985e+06
1.79849e+06
1.79846e+06
1.79841e+06
1.79837e+06
1.79835e+06
1.79835e+06
1.7983e+06
1.79821e+06
1.79815e+06
1.79807e+06
1.79806e+06
1.79805e+06
1.79802e+06
1.798e+06
1.79795e+06
1.79792e+06
1.79788e+06
1.79785e+06
1.79782e+06
1.79781e+06
1.79772e+06
1.7976e+06
1.79756e+06
1.79755e+06
1.79755e+06
1.79754e+06
1.79753e+06
1.79751e+06
1.79746e+06
1.79743e+06
1.79731e+06
1.7973e+06
1.79728e+06
1.79727e+06
1.79724e+06
1.79719e+06
1.79718e+06
1.79715e+06
1.79709e+06
1.79706e+06
1.79706e+06
1.79705e+06
1.79703e+06
1.79702e+06
1.79702e+06
1.79697e+06
1.79691e+06
1.79682e+06
1.79679e+06
1.79677e+06
1.79676e+06
1.79669e+06
1.79663e+06
1.79661e+06
1.79645e+06
1.79637e+06
1.79635e+06
1.79629e+06
1.79616e+06
1.79616e+06
1.79611e+06
1.79606e+06
1.79594e+06
1.79594e+06
1.79593e+06
1.79587e+06
1.79587e+06
1.79582e+06
1.79582e+06
1.79576e+06
1.79574e+06
1.79566e+06
1.7956e+06
1.79552e+06
1.79551e+06
1.79549e+06
1.79549e+06
1.79547e+06
1.79544e+06
1.79521e+06
1.79519e+06
1.79512e+06
1.79494e+06
1.79491e+06
1.79484e+06
1.79484e+06
1.7948e+06
1.79471e+06
1.79471e+06
1.79461e+06
1.7946e+06
1.79459e+06
1.79453e+06
1.79447e+06
1.79446e+06
1.79444e+06
1.79442e+06
1.79439e+06
1.79432e+06
1.79427e+06
1.79426e+06
1.79423e+06
1.79407e+06
1.79404e+06
1.79404e+06
1.7936e+06
1.79346e+06
1.79337e+06
1.79328e+06
1.79295e+06
1.7929e+06
1.79285e+06
1.79275e+06
1.79274e+06
1.79274e+06
1.79257e+06
1.79257e+06
1.79254e+06
1.79254e+06
1.79248e+06
1.79246e+06
1.79244e+06
1.7922e+06
1.79214e+06
1.79209e+06
1.79208e+06
1.79205e+06
1.79204e+06
1.792e+06
1.79194e+06
1.79192e+06
1.7919e+06
1.79189e+06
1.79184e+06
1.7918e+06
1.79179e+06
1.79174e+06
1.79171e+06
1.7917e+06
1.79145e+06
1.79135e+06
1.79131e+06
1.79112e+06
1.79095e+06
1.79089e+06
1.79085e+06
